32.577000 -6.512000 7.077000
32.804000 -6.714000 6.626000
32.281000 -6.670000 7.131000
32.830000 -6.874000 6.129000
32.533000 -6.874000 6.683000
32.258000 -6.885000 7.241000
33.169000 -7.104000 5.688000
32.718000 -7.068000 6.218000
32.533000 -7.095000 6.795000
32.591000 -7.177000 7.428000
32.896000 -7.265000 5.745000
32.640000 -7.272000 6.309000
32.759000 -7.369000 6.952000
33.497000 -7.499000 4.727000
33.078000 -7.465000 5.271000
32.820000 -7.469000 5.835000
32.983000 -7.574000 6.480000
33.299000 -7.679000 4.796000
33.018000 -7.676000 5.360000
33.108000 -7.762000 5.987000
33.239000 -7.890000 4.882000
33.243000 -7.955000 5.492000
33.344000 -8.142000 4.989000
38.344000 -14.944000 -7.131000
38.264000 -14.769000 -6.402000
37.642000 -14.370000 -7.003000
37.540000 -14.191000 -6.282000
37.049000 -13.847000 -6.889000
37.570000 -13.907000 -6.286000
36.376000 -13.309000 -6.754000
36.205000 -13.117000 -6.049000
38.529000 -13.830000 -5.730000
35.736000 -12.793000 -6.625000
35.632000 -12.631000 -5.944000
35.036000 -12.264000 -6.479000
35.073000 -12.157000 -5.836000
34.954000 -12.003000 -5.176000
37.512000 -12.770000 -4.875000
34.578000 -11.834000 -6.374000
34.595000 -11.724000 -5.737000
35.054000 -11.768000 -5.172000
37.131000 -12.355000 -4.807000
36.979000 -12.202000 -4.126000
36.897000 -12.080000 -3.463000
34.553000 -11.552000 -6.348000
34.809000 -11.522000 -5.750000
35.246000 -11.559000 -5.179000
36.769000 -11.952000 -4.739000
36.537000 -11.779000 -4.056000
36.395000 -11.641000 -3.396000
34.764000 -11.353000 -6.359000
34.934000 -11.296000 -5.746000
36.814000 -11.688000 -4.720000
36.559000 -11.509000 -4.036000
36.272000 -11.329000 -3.361000
34.869000 -11.114000 -6.347000
35.154000 -11.096000 -5.751000
37.438000 -11.704000 -5.444000
36.704000 -11.281000 -4.023000
36.326000 -11.076000 -3.341000
31.244000 -9.718000 -5.657000
35.481000 -10.926000 -5.773000
35.512000 -10.833000 -5.133000
30.626000 -9.290000 -5.511000
30.728000 -9.228000 -4.966000
35.419000 -10.538000 -5.082000
35.340000 -10.421000 -4.437000
35.245000 -10.307000 -3.799000
35.141000 -10.194000 -3.170000
30.137000 -8.911000 -5.388000
30.392000 -8.897000 -4.878000
28.828000 -8.302000 -5.116000
29.571000 -8.433000 -4.708000
30.280000 -8.490000 -5.331000
29.113000 -8.082000 -4.596000
28.873000 -7.876000 -5.040000
29.383000 -7.937000 -4.595000
29.046000 -7.707000 -5.025000
30.925000 -8.125000 -4.789000
29.213000 -7.533000 -5.004000
29.401000 -7.363000 -4.984000
29.618000 -7.197000 -4.965000
21.132000 -5.085000 -3.162000
20.891000 -4.924000 -3.461000
20.917000 -4.881000 -3.090000
21.172000 -4.894000 -2.752000
20.925000 -4.782000 -3.425000
20.974000 -4.745000 -3.058000
20.948000 -4.636000 -3.384000
30.152000 -6.456000 -4.805000
30.427000 -6.296000 -4.778000
30.557000 -6.105000 -4.725000
19.512000 -3.221000 -2.760000
19.290000 -3.052000 -2.673000
19.276000 -2.918000 -2.613000
19.558000 -2.928000 -2.312000
19.515000 -2.823000 -2.587000
19.650000 -2.812000 -2.264000
21.859000 -1.906000 -2.235000
22.068000 -1.896000 -1.883000
22.334000 -1.811000 -2.201000
22.387000 -1.736000 -1.078000
22.443000 -1.715000 -0.706000
22.156000 -1.661000 -2.100000
22.130000 -1.527000 -2.013000
23.573000 -1.572000 -1.352000
23.543000 -1.545000 -0.959000
22.653000 -1.440000 -0.171000
22.050000 -1.390000 -1.919000
22.388000 -1.339000 -0.827000
22.018000 -1.258000 -1.829000
23.533000 -1.293000 -1.168000
29.663000 -4.103000 14.613000
30.512000 -4.730000 13.347000
30.435000 -4.765000 13.092000
30.542000 -4.823000 12.919000
30.579000 -4.867000 12.716000
30.613000 -4.907000 12.510000
30.548000 -4.927000 12.259000
30.587000 -4.959000 12.051000
30.591000 -4.984000 11.829000
30.788000 -5.107000 12.481000
30.625000 -5.008000 11.616000
30.832000 -5.132000 12.264000
30.712000 -5.036000 11.424000
30.832000 -5.144000 12.031000
30.780000 -5.060000 11.225000
30.804000 -5.150000 11.789000
30.851000 -5.079000 11.022000
30.775000 -5.148000 11.545000
30.945000 -5.097000 10.826000
30.749000 -5.146000 11.302000
30.995000 -5.273000 11.952000
31.027000 -5.111000 10.628000
30.811000 -5.155000 11.093000
30.958000 -5.263000 11.699000
31.148000 -5.128000 10.438000
30.884000 -5.162000 10.886000
30.843000 -5.236000 11.417000
31.338000 -5.154000 10.272000
31.002000 -5.172000 10.694000
30.837000 -5.223000 11.176000
30.992000 -5.332000 11.786000
31.123000 -5.180000 10.498000
30.879000 -5.215000 10.950000
30.954000 -5.308000 11.524000
31.263000 -5.188000 10.311000
30.972000 -5.212000 10.745000
30.890000 -5.275000 11.257000
31.377000 -5.188000 10.112000
31.068000 -5.206000 10.539000
30.865000 -5.246000 11.006000
30.997000 -5.346000 11.601000
31.222000 -5.208000 10.354000
30.929000 -5.230000 10.789000
30.876000 -5.296000 11.312000
31.412000 -5.210000 10.178000
31.042000 -5.217000 10.587000
30.890000 -5.264000 11.070000
31.001000 -5.358000 11.656000
31.147000 -5.202000 10.382000
30.943000 -5.235000 10.843000
30.925000 -5.304000 11.376000
31.288000 -5.186000 10.188000
31.045000 -5.213000 10.636000
30.868000 -5.252000 11.108000
31.177000 -5.191000 10.436000
30.922000 -5.215000 10.881000
31.350000 -5.171000 10.251000
30.997000 -5.177000 10.660000
31.144000 -5.149000 10.469000
31.502000 -5.151000 10.342000
22.876000 -1.494000 0.903000
23.516000 -1.441000 0.794000
23.543000 -1.433000 1.134000
23.549000 -1.423000 1.474000
23.562000 -1.415000 1.817000
23.514000 -1.402000 2.155000
23.570000 -1.396000 2.505000
17.206000 1.546000 -1.945000
17.416000 1.669000 -2.038000
17.413000 1.775000 -2.107000
18.054000 1.951000 -2.254000
18.140000 2.074000 -2.335000
17.951000 2.164000 -2.377000
18.107000 2.195000 -2.105000
17.693000 2.244000 -2.407000
18.875000 2.406000 -2.262000
17.553000 2.338000 -2.451000
17.809000 2.486000 -2.550000
17.819000 2.602000 -2.612000
17.690000 2.700000 -2.654000
17.502000 2.786000 -2.683000
17.568000 2.805000 -2.401000
16.732000 2.774000 -2.619000
17.495000 2.910000 -2.447000
16.250000 2.804000 -2.596000
17.399000 3.010000 -2.487000
16.489000 2.956000 -2.684000
17.309000 3.110000 -2.526000
16.368000 3.045000 -2.713000
16.830000 3.136000 -2.504000
17.566000 3.281000 -2.319000
15.335000 2.958000 -2.587000
16.615000 3.210000 -2.520000
14.953000 2.987000 -2.564000
14.881000 2.976000 -2.298000
14.913000 2.987000 -2.049000
14.957000 3.003000 -1.804000
15.109000 3.041000 -1.569000
14.781000 3.056000 -2.576000
14.861000 3.076000 -2.335000
15.743000 3.263000 -2.205000
15.137000 3.151000 -1.610000
14.864000 3.177000 -2.630000
15.026000 3.215000 -2.400000
15.190000 3.255000 -2.166000
15.322000 3.287000 -1.925000
15.345000 3.299000 -1.669000
14.827000 3.275000 -2.663000
14.860000 3.284000 -2.411000
15.707000 3.475000 -2.278000
16.016000 3.547000 -2.050000
15.612000 3.464000 -1.734000
15.453000 3.523000 -2.815000
15.505000 3.537000 -2.554000
15.495000 3.538000 -2.284000
15.536000 3.550000 -2.024000
15.818000 3.620000 -1.792000
15.688000 3.690000 -2.895000
15.755000 3.705000 -2.632000
15.794000 3.718000 -2.364000
15.772000 3.714000 -2.089000
15.881000 3.746000 -1.833000
15.620000 3.787000 -2.920000
15.681000 3.801000 -2.655000
15.661000 3.797000 -2.379000
16.423000 3.985000 -2.210000
16.285000 3.955000 -1.913000
15.928000 3.977000 -3.013000
16.071000 4.011000 -2.756000
16.115000 4.022000 -2.481000
16.144000 4.031000 -2.205000
16.257000 4.063000 -1.941000
15.885000 4.083000 -3.040000
16.406000 4.215000 -2.848000
16.133000 4.144000 -2.517000
16.547000 4.252000 -2.293000
16.606000 4.270000 -2.014000
16.123000 4.264000 -3.119000
16.683000 4.408000 -2.929000
16.800000 4.438000 -2.653000
16.863000 4.455000 -2.368000
16.893000 4.465000 -2.079000
16.066000 4.369000 -3.140000
16.730000 4.545000 -2.970000
23.190000 6.298000 -3.705000
23.191000 6.298000 -3.298000
15.333000 4.286000 -3.026000
22.873000 6.387000 -4.103000
22.886000 6.386000 -3.697000
22.873000 6.381000 -3.292000
15.203000 4.365000 -3.028000
22.558000 6.467000 -4.085000
22.569000 6.465000 -3.683000
22.576000 6.463000 -3.284000
15.017000 4.424000 -3.017000
22.255000 6.547000 -4.066000
22.281000 6.547000 -3.670000
22.284000 6.543000 -3.273000
14.954000 4.520000 -3.028000
21.951000 6.623000 -4.044000
21.961000 6.617000 -3.649000
21.996000 6.623000 -3.262000
120.485000 36.268000 -15.736000
14.770000 4.576000 -3.013000
21.624000 6.689000 -4.014000
21.643000 6.684000 -3.625000
21.688000 6.692000 -3.243000
22.924000 7.071000 -3.021000
15.245000 4.843000 -3.131000
21.334000 6.763000 -3.989000
21.366000 6.761000 -3.606000
21.459000 6.784000 -3.235000
22.661000 7.159000 -3.012000
14.543000 4.732000 -3.006000
14.913000 4.842000 -2.806000
21.136000 6.849000 -3.591000
21.181000 6.855000 -3.215000
22.114000 7.153000 -2.962000
14.434000 4.809000 -3.001000
14.606000 4.855000 -2.765000
20.873000 6.924000 -3.568000
20.905000 6.925000 -3.194000
21.642000 7.163000 -2.917000
14.184000 4.837000 -2.964000
13.580000 4.619000 -2.585000
13.602000 4.618000 -2.338000
13.655000 4.629000 -2.098000
13.702000 4.639000 -1.858000
13.727000 4.645000 -1.616000
14.213000 4.959000 -2.984000
13.527000 4.708000 -2.587000
13.568000 4.712000 -2.344000
13.594000 4.714000 -2.100000
13.637000 4.722000 -1.859000
13.680000 4.733000 -1.620000
14.056000 5.016000 -2.964000
13.487000 4.799000 -2.590000
13.534000 4.805000 -2.348000
13.570000 4.809000 -2.105000
13.574000 4.804000 -1.858000
13.616000 4.815000 -1.619000
14.047000 5.125000 -2.973000
13.422000 4.883000 -2.587000
13.491000 4.896000 -2.348000
13.515000 4.895000 -2.103000
13.532000 4.894000 -1.859000
13.574000 4.905000 -1.620000
13.628000 5.081000 -2.893000
13.381000 4.973000 -2.587000
13.441000 4.983000 -2.347000
13.489000 4.990000 -2.105000
13.500000 4.987000 -1.860000
13.536000 4.995000 -1.619000
13.624000 5.188000 -2.899000
13.315000 5.054000 -2.579000
13.393000 5.070000 -2.343000
13.421000 5.070000 -2.099000
13.444000 5.070000 -1.855000
13.481000 5.078000 -1.616000
14.033000 5.456000 -2.992000
13.251000 5.135000 -2.572000
13.323000 5.149000 -2.334000
13.358000 5.150000 -2.091000
13.378000 5.149000 -1.848000
13.417000 5.157000 -1.609000
14.232000 5.647000 -3.038000
13.191000 5.217000 -2.563000
13.259000 5.228000 -2.325000
13.284000 5.225000 -2.081000
13.322000 5.230000 -1.841000
13.366000 5.241000 -1.602000
13.630000 5.517000 -2.912000
13.128000 5.295000 -2.552000
13.208000 5.311000 -2.317000
13.227000 5.306000 -2.071000
13.266000 5.311000 -1.831000
13.524000 5.406000 -1.619000
13.250000 5.469000 -2.831000
13.067000 5.375000 -2.540000
13.148000 5.392000 -2.305000
13.156000 5.381000 -2.058000
13.204000 5.390000 -1.820000
13.515000 5.509000 -1.614000
13.123000 5.523000 -2.802000
12.999000 5.451000 -2.524000
13.073000 5.465000 -2.289000
13.110000 5.466000 -2.047000
13.148000 5.470000 -1.808000
13.221000 5.492000 -1.574000
13.076000 5.609000 -2.790000
12.953000 5.535000 -2.511000
13.014000 5.542000 -2.274000
13.052000 5.544000 -2.033000
13.095000 5.550000 -1.794000
13.168000 5.571000 -1.560000
13.095000 5.722000 -2.789000
12.901000 5.616000 -2.496000
12.957000 5.621000 -2.258000
13.002000 5.625000 -2.018000
13.038000 5.628000 -1.779000
13.379000 5.765000 -1.577000
13.337000 5.935000 -2.834000
12.850000 5.696000 -2.479000
12.898000 5.697000 -2.239000
12.953000 5.705000 -2.002000
12.988000 5.707000 -1.762000
13.443000 5.896000 -1.574000
13.236000 5.997000 -2.805000
12.764000 5.760000 -2.454000
12.844000 5.776000 -2.221000
12.891000 5.779000 -1.982000
12.932000 5.784000 -1.744000
13.047000 5.825000 -1.515000
12.692000 5.853000 -2.679000
12.710000 5.837000 -2.433000
12.791000 5.853000 -2.200000
12.830000 5.853000 -1.961000
12.876000 5.859000 -1.724000
12.996000 5.903000 -1.497000
12.647000 5.933000 -2.658000
12.682000 5.924000 -2.416000
12.736000 5.928000 -2.178000
12.768000 5.924000 -1.938000
12.830000 5.938000 -1.703000
12.924000 5.970000 -1.473000
12.608000 6.016000 -2.638000
12.612000 5.992000 -2.389000
12.673000 5.998000 -2.153000
12.719000 6.001000 -1.916000
12.796000 6.022000 -1.684000
12.857000 6.039000 -1.450000
12.556000 6.091000 -2.612000
12.566000 6.070000 -2.366000
12.610000 6.068000 -2.127000
12.663000 6.074000 -1.892000
12.797000 6.123000 -1.667000
12.850000 6.135000 -1.431000
12.494000 6.161000 -2.583000
12.523000 6.148000 -2.340000
12.569000 6.147000 -2.102000
12.613000 6.149000 -1.865000
12.840000 6.243000 -1.653000
12.755000 6.189000 -1.401000
12.437000 6.231000 -2.553000
12.487000 6.229000 -2.315000
12.520000 6.221000 -2.075000
12.564000 6.224000 -1.838000
12.399000 6.125000 -1.576000
12.496000 6.160000 -1.351000
12.418000 6.320000 -2.529000
12.451000 6.309000 -2.287000
12.488000 6.303000 -2.048000
12.527000 6.302000 -1.811000
12.430000 6.236000 -1.558000
12.557000 6.287000 -1.335000
12.436000 6.426000 -2.512000
12.424000 6.391000 -2.261000
12.462000 6.385000 -2.021000
12.483000 6.375000 -1.781000
12.597000 6.416000 -1.555000
12.755000 6.483000 -1.330000
12.413000 6.510000 -2.483000
12.359000 6.453000 -2.225000
12.389000 6.444000 -1.985000
12.502000 6.480000 -1.759000
12.814000 6.624000 -1.555000
12.899000 6.654000 -1.319000
12.467000 6.635000 -2.468000
12.364000 6.550000 -2.199000
12.459000 6.574000 -1.970000
12.590000 6.622000 -1.744000
13.060000 6.850000 -1.557000
13.248000 6.934000 -1.325000
12.552000 6.775000 -2.459000
12.471000 6.701000 -2.192000
12.586000 6.736000 -1.961000
12.825000 6.841000 -1.747000
13.246000 7.047000 -1.547000
13.882000 7.370000 -1.355000
12.697000 6.950000 -2.457000
12.782000 6.965000 -2.215000
12.777000 6.935000 -1.960000
13.290000 7.189000 -1.778000
13.886000 7.491000 -1.587000
14.418000 7.762000 -1.371000
13.037000 7.234000 -2.490000
13.088000 7.230000 -2.235000
13.198000 7.261000 -1.991000
13.779000 7.556000 -1.807000
14.380000 7.848000 -1.329000
13.678000 7.691000 -2.576000
13.725000 7.682000 -2.307000
29.225000 16.293000 -4.330000
29.207000 16.636000 -5.420000
29.091000 16.494000 -4.809000
29.510000 16.667000 -4.288000
14.347000 8.054000 -1.521000
29.180000 16.829000 -5.328000
29.144000 16.732000 -4.731000
29.492000 16.864000 -4.198000
14.251000 8.102000 -1.468000
29.068000 16.970000 -5.219000
29.668000 17.242000 -4.725000
29.579000 17.124000 -4.118000
14.204000 8.175000 -1.418000
29.031000 17.151000 -5.118000
29.903000 17.587000 -4.665000
29.397000 17.222000 -3.997000
29.009000 17.336000 -5.017000
29.763000 17.708000 -4.543000
29.555000 17.518000 -3.917000
29.055000 17.560000 -4.921000
29.473000 17.734000 -4.395000
29.472000 17.666000 -3.804000
29.165000 17.815000 -4.836000
29.414000 17.889000 -4.279000
29.747000 18.025000 -3.729000
29.243000 18.051000 -4.737000
29.585000 18.182000 -4.192000
29.906000 18.313000 -3.635000
29.417000 18.339000 -4.649000
29.608000 18.380000 -4.077000
33.116000 20.846000 -5.100000
29.318000 18.378000 -3.918000
29.451000 18.711000 -4.410000
29.353000 18.574000 -3.799000
29.371000 18.829000 -4.269000
29.405000 19.013000 -4.143000
31.582000 20.590000 -4.301000
31.458000 20.669000 -4.136000
31.337000 20.742000 -3.967000
31.228000 20.816000 -3.797000
31.197000 20.934000 -3.635000
23.482000 -1.084000 -2.384000
23.542000 -1.094000 -2.046000
23.520000 -1.175000 -2.529000
22.965000 -1.154000 -2.134000
23.522000 -1.189000 -1.844000
22.900000 -1.230000 -2.601000
23.082000 -1.245000 -2.284000
23.526000 -1.286000 -1.306000
22.546000 -1.294000 -2.698000
21.808000 -1.256000 -2.292000
21.952000 -1.268000 -1.987000
22.057000 -1.278000 -1.677000
22.177000 -1.290000 -1.367000
23.500000 -1.433000 -2.957000
21.810000 -1.333000 -2.426000
22.102000 -1.354000 -2.137000
22.460000 -1.380000 -1.847000
21.672000 -1.401000 -2.546000
21.671000 -1.402000 -2.230000
21.761000 -1.410000 -1.924000
22.735000 -1.547000 -2.813000
21.950000 -1.494000 -2.396000
21.624000 -1.473000 -2.047000
21.872000 -1.491000 -1.754000
23.576000 -1.610000 -1.554000
23.538000 -1.681000 -3.061000
22.627000 -1.615000 -2.611000
21.782000 -1.554000 -2.197000
21.842000 -1.559000 -1.888000
23.552000 -1.681000 -1.699000
18.604000 -1.390000 -2.810000
21.824000 -1.627000 -2.657000
21.723000 -1.619000 -2.329000
22.242000 -1.656000 -2.063000
19.206000 -1.497000 -3.024000
22.482000 -1.745000 -2.554000
21.666000 -1.680000 -2.149000
21.878000 -1.694000 -1.856000
19.346000 -1.570000 -3.173000
21.745000 -1.754000 -2.610000
21.701000 -1.747000 -2.291000
21.846000 -1.756000 -1.993000
18.968000 -1.599000 -3.236000
20.571000 -1.729000 -3.205000
21.861000 -1.824000 -2.450000
22.302000 -1.856000 -2.180000
19.043000 -1.665000 -3.377000
44.823000 -3.904000 -7.284000
21.710000 -1.873000 -2.575000
21.709000 -1.867000 -2.261000
18.970000 -1.708000 -3.209000
21.789000 -1.932000 -2.412000
52.041000 -4.856000 -9.927000
18.964000 -1.761000 -3.335000
44.723000 -4.135000 -7.203000
21.825000 -1.993000 -2.562000
18.716000 -1.799000 -3.698000
19.075000 -1.815000 -3.199000
18.244000 -1.805000 -3.730000
52.181000 -5.132000 -9.886000
44.588000 -4.361000 -7.783000
44.656000 -4.343000 -7.133000
18.560000 -1.886000 -3.924000
44.628000 -4.452000 -7.431000
19.191000 -2.000000 -4.189000
18.332000 -1.897000 -3.724000
41.794000 -4.296000 -7.862000
44.407000 -4.535000 -7.691000
44.630000 -4.530000 -7.074000
18.882000 -2.015000 -4.255000
18.517000 -1.962000 -3.891000
20.297000 -2.135000 -3.959000
42.211000 -4.410000 -7.602000
44.424000 -4.610000 -7.344000
18.364000 -2.005000 -4.269000
19.000000 -2.058000 -4.125000
18.417000 -1.979000 -3.720000
42.295000 -4.514000 -7.911000
44.558000 -4.689000 -7.017000
20.854000 -2.327000 -4.997000
19.010000 -2.103000 -4.263000
18.553000 -2.036000 -3.877000
20.012000 -2.178000 -3.881000
42.456000 -4.587000 -7.602000
44.458000 -4.769000 -7.307000
18.385000 -2.094000 -4.539000
18.412000 -2.078000 -4.261000
18.879000 -2.112000 -4.081000
18.502000 -2.053000 -3.719000
42.044000 -4.629000 -7.825000
44.187000 -4.827000 -7.568000
18.392000 -2.135000 -4.676000
20.697000 -2.380000 -4.939000
19.288000 -2.198000 -4.306000
18.481000 -2.088000 -3.845000
39.821000 -4.460000 -7.685000
42.090000 -4.675000 -7.498000
18.440000 -2.158000 -4.533000
18.533000 -2.149000 -4.270000
18.946000 -2.177000 -4.076000
18.660000 -2.124000 -3.731000
42.040000 -4.744000 -7.778000
18.437000 -2.194000 -4.667000
19.354000 -2.258000 -4.301000
18.485000 -2.136000 -3.826000
39.822000 -4.561000 -7.647000
18.498000 -2.213000 -4.528000
18.588000 -2.201000 -4.263000
18.689000 -2.191000 -4.001000
18.600000 -2.159000 -3.701000
18.474000 -2.241000 -4.657000
18.961000 -2.277000 -4.485000
19.333000 -2.297000 -4.277000
18.528000 -2.179000 -3.817000
18.557000 -2.256000 -4.523000
18.677000 -2.246000 -4.263000
19.031000 -2.265000 -4.054000
18.500000 -2.277000 -4.644000
18.670000 -2.272000 -4.396000
19.250000 -2.316000 -4.237000
18.536000 -2.280000 -4.499000
18.743000 -2.279000 -4.260000
18.520000 -2.299000 -4.629000
18.605000 -2.282000 -4.361000
20.705000 -2.562000 -5.002000
18.539000 -2.311000 -4.612000
14.527000 3.125000 -3.773000
14.558000 3.101000 -3.677000
14.538000 3.097000 -3.831000
14.603000 3.078000 -3.585000
14.596000 3.075000 -3.742000
14.634000 3.051000 -3.490000
14.637000 3.049000 -3.650000
14.679000 3.026000 -3.400000
14.652000 3.047000 -3.813000
14.677000 3.019000 -3.557000
14.747000 3.003000 -3.314000
14.959000 3.071000 -3.789000
14.710000 2.988000 -3.463000
15.016000 3.019000 -3.272000
14.986000 3.035000 -3.691000
14.746000 2.955000 -3.370000
15.221000 3.020000 -3.214000
14.899000 3.007000 -3.832000
14.891000 2.973000 -3.564000
14.824000 2.929000 -3.287000
15.642000 3.061000 -3.197000
14.893000 2.961000 -3.726000
14.772000 2.905000 -3.433000
15.263000 2.972000 -3.280000
15.108000 2.913000 -2.987000
14.923000 2.954000 -3.898000
15.054000 2.947000 -3.663000
14.813000 2.869000 -3.343000
15.453000 2.963000 -3.218000
14.888000 2.827000 -2.844000
14.913000 2.903000 -3.792000
14.988000 2.886000 -3.543000
15.152000 2.887000 -3.316000
15.535000 2.931000 -3.131000
15.556000 2.907000 -2.870000
15.027000 2.876000 -3.717000
14.848000 2.811000 -3.409000
15.355000 2.877000 -3.258000
14.948000 2.773000 -2.913000
15.744000 2.893000 -2.801000
15.016000 2.854000 -3.879000
15.090000 2.837000 -3.629000
14.901000 2.771000 -3.321000
15.705000 2.891000 -3.228000
14.997000 2.734000 -2.825000
15.405000 2.782000 -2.640000
15.134000 2.824000 -3.805000
14.895000 2.748000 -3.480000
15.357000 2.803000 -3.320000
15.249000 2.756000 -3.033000
15.703000 2.810000 -2.855000
16.602000 2.944000 -2.737000
15.101000 2.763000 -3.694000
14.924000 2.701000 -3.387000
15.460000 2.769000 -3.240000
15.009000 2.661000 -2.888000
15.627000 2.744000 -2.741000
16.272000 2.831000 -2.580000
14.945000 2.679000 -3.555000
15.317000 2.716000 -3.374000
15.816000 2.775000 -3.210000
15.236000 2.647000 -2.831000
15.328000 2.638000 -2.588000
17.322000 2.953000 -2.635000
14.956000 2.624000 -3.457000
15.182000 2.635000 -3.244000
15.100000 2.594000 -2.966000
15.603000 2.654000 -2.798000
16.212000 2.732000 -2.635000
17.493000 2.922000 -2.551000
15.265000 2.621000 -3.427000
15.902000 2.700000 -3.294000
15.117000 2.541000 -2.872000
16.822000 2.774000 -2.628000
17.546000 2.868000 -2.450000
15.268000 2.562000 -3.329000
15.440000 2.563000 -3.099000
15.726000 2.584000 -2.887000
15.720000 2.558000 -2.621000
17.589000 2.836000 -2.638000
15.587000 2.554000 -3.298000
15.166000 2.459000 -2.948000
15.635000 2.509000 -2.773000
16.429000 2.611000 -2.637000
17.622000 2.774000 -2.534000
15.291000 2.444000 -3.138000
15.313000 2.422000 -2.881000
15.672000 2.454000 -2.683000
17.453000 2.706000 -2.694000
15.357000 2.393000 -3.056000
15.814000 2.438000 -2.877000
16.007000 2.443000 -2.642000
15.276000 2.316000 -2.945000
15.694000 2.355000 -2.759000
16.877000 2.507000 -2.683000
15.630000 2.305000 -2.918000
15.792000 2.305000 -2.681000
17.718000 2.534000 -2.415000
15.775000 2.259000 -2.849000
16.542000 2.344000 -2.708000
17.940000 2.516000 -2.637000
15.613000 2.167000 -2.726000
16.815000 2.310000 -2.653000
17.674000 2.403000 -2.494000
16.254000 2.184000 -2.741000
17.986000 2.392000 -2.732000
16.907000 2.198000 -2.752000
17.882000 2.300000 -2.613000
18.534000 2.359000 -2.400000
17.290000 2.169000 -2.714000
17.320000 2.149000 -2.430000
18.203000 2.235000 -2.253000
17.459000 2.110000 -2.641000
17.483000 2.090000 -2.354000
18.079000 2.139000 -2.136000
17.422000 2.024000 -2.537000
18.142000 2.085000 -2.341000
17.410000 1.941000 -2.438000
18.015000 1.986000 -2.225000
16.913000 1.807000 -2.277000
17.716000 1.869000 -2.091000
17.154000 1.750000 -2.216000
17.355000 1.749000 -1.955000
17.484000 1.699000 -2.165000
17.173000 1.586000 -2.037000
17.451000 1.524000 -1.979000
23.537000 -1.432000 1.062000
23.537000 -1.459000 1.451000
23.303000 -1.474000 1.824000
22.667000 -1.442000 -0.021000
22.775000 -1.475000 0.352000
22.931000 -1.512000 0.732000
22.664000 -1.585000 0.050000
33.456000 -7.593000 4.608000
33.597000 -7.795000 4.090000
33.295000 -7.802000 4.635000
33.809000 -8.014000 3.573000
33.419000 -7.998000 4.112000
33.331000 -8.058000 4.685000
34.594000 -8.305000 2.508000
33.975000 -8.226000 3.045000
33.622000 -8.216000 3.595000
33.442000 -8.250000 4.157000
33.532000 -8.354000 4.756000
34.103000 -8.435000 2.509000
33.832000 -8.440000 3.069000
33.587000 -8.454000 3.628000
33.765000 -8.580000 4.235000
34.350000 -8.676000 1.975000
34.019000 -8.663000 2.536000
33.808000 -8.683000 3.101000
33.950000 -8.796000 3.702000
33.880000 -8.860000 4.286000
34.222000 -8.892000 1.996000
34.017000 -8.909000 2.565000
34.180000 -9.028000 3.165000
34.295000 -9.139000 3.771000
34.208000 -9.141000 2.022000
34.330000 -9.247000 2.616000
34.573000 -9.493000 2.067000
45.714000 -31.951000 -9.039000
45.961000 -32.084000 -9.368000
45.918000 -32.000000 -9.641000
45.896000 -31.918000 -9.908000
46.204000 -31.911000 -9.068000
41.099000 -28.509000 -9.113000
39.860000 -27.569000 -9.067000
46.389000 -31.845000 -9.628000
39.932000 -27.525000 -9.309000
46.191000 -31.593000 -9.842000
46.170000 -31.447000 -10.094000
46.782000 -31.629000 -9.303000
27.126000 -18.546000 -6.625000
45.135000 -30.602000 -10.108000
46.891000 -31.549000 -9.569000
27.233000 -18.531000 -6.796000
45.921000 -30.980000 -10.523000
46.919000 -31.403000 -9.814000
46.798000 -31.143000 -10.024000
39.684000 -26.079000 -8.879000
41.347000 -26.955000 -8.429000
39.691000 -25.905000 -9.067000
39.938000 -25.853000 -8.321000
40.600000 -26.305000 -9.454000
39.873000 -25.614000 -8.485000
40.356000 -25.721000 -8.754000
41.674000 -26.349000 -8.213000
28.903000 -18.431000 -6.977000
40.374000 -25.518000 -8.926000
41.473000 -26.000000 -8.340000
28.934000 -18.294000 -7.099000
40.019000 -25.073000 -9.003000
41.523000 -25.801000 -8.509000
40.179000 -24.948000 -9.187000
41.687000 -25.663000 -8.695000
42.061000 -25.645000 -8.923000
43.658000 -26.408000 -8.397000
29.065000 -17.702000 -6.851000
43.176000 -26.063000 -9.305000
48.006000 -28.742000 -9.394000
44.255000 -26.437000 -9.681000
46.228000 -27.388000 -9.191000
15.482000 -9.425000 -4.399000
29.047000 -17.323000 -7.035000
46.253000 -27.333000 -10.263000
45.717000 -26.790000 -9.228000
41.619000 -24.325000 -9.352000
45.523000 -26.379000 -9.320000
14.258000 -8.493000 -4.137000
45.016000 -26.011000 -10.238000
45.501000 -26.063000 -9.437000
16.404000 -9.367000 -3.773000
45.681000 -25.851000 -9.592000
14.500000 -8.345000 -3.973000
16.256000 -9.169000 -3.779000
43.385000 -24.253000 -9.214000
14.491000 -8.236000 -4.004000
14.703000 -8.271000 -3.753000
16.055000 -8.943000 -3.768000
43.377000 -23.946000 -9.307000
14.684000 -8.241000 -4.088000
14.725000 -8.177000 -3.790000
16.077000 -8.841000 -3.807000
43.535000 -23.723000 -9.436000
14.986000 -8.303000 -4.205000
14.707000 -8.062000 -3.815000
16.270000 -8.831000 -3.884000
43.816000 -23.567000 -9.575000
14.665000 -8.017000 -4.141000
14.796000 -8.003000 -3.865000
16.257000 -8.706000 -3.910000
44.552000 -23.641000 -9.815000
14.579000 -7.862000 -4.140000
14.848000 -7.921000 -3.902000
43.615000 -22.822000 -9.677000
14.542000 -7.733000 -4.151000
14.936000 -7.856000 -3.947000
15.044000 -7.834000 -3.663000
14.606000 -7.656000 -4.188000
14.958000 -7.755000 -3.972000
14.880000 -7.602000 -3.968000
15.165000 -7.631000 -4.059000
15.011000 -7.437000 -4.029000
15.109000 -7.367000 -4.066000
34.273000 -15.861000 -7.845000
34.442000 -15.410000 -7.895000
34.260000 -15.065000 -7.849000
34.487000 -14.900000 -7.893000
34.225000 -14.524000 -7.822000
33.295000 -13.872000 -7.595000
31.023000 -12.685000 -7.057000
31.291000 -12.558000 -7.095000
37.368000 -14.714000 -8.441000
37.493000 -14.478000 -8.431000
37.633000 -14.246000 -8.419000
37.656000 -13.971000 -8.379000
36.502000 -13.263000 -8.072000
35.434000 -12.609000 -7.782000
31.986000 -11.144000 -6.973000
32.088000 -10.941000 -6.941000
32.415000 -10.572000 -6.889000
32.284000 -10.386000 -7.426000
31.448000 -10.027000 -6.618000
31.073000 -9.768000 -7.079000
31.519000 -9.822000 -6.566000
21.780000 -6.686000 -4.911000
21.864000 -6.654000 -4.505000
21.731000 -6.515000 -4.849000
21.678000 -6.443000 -4.417000
21.931000 -6.477000 -5.270000
21.932000 -6.419000 -4.839000
29.566000 -8.580000 -5.953000
22.086000 -6.362000 -5.248000
21.743000 -6.208000 -4.740000
29.070000 -8.229000 -5.778000
22.276000 -6.257000 -5.231000
21.221000 -5.907000 -4.568000
28.582000 -7.891000 -5.605000
22.211000 -6.082000 -5.153000
21.080000 -5.720000 -4.479000
28.726000 -7.731000 -5.554000
22.044000 -5.879000 -5.048000
20.981000 -5.546000 -4.396000
28.867000 -7.569000 -5.499000
20.947000 -5.491000 -5.144000
21.003000 -5.454000 -4.745000
20.868000 -5.372000 -4.311000
29.067000 -7.422000 -5.453000
20.647000 -5.268000 -5.004000
21.162000 -5.351000 -4.715000
20.760000 -5.204000 -4.225000
29.541000 -7.345000 -5.453000
20.565000 -5.105000 -4.916000
21.085000 -5.186000 -4.629000
28.981000 -7.069000 -5.808000
29.943000 -7.244000 -5.435000
20.544000 -4.959000 -4.842000
20.945000 -5.011000 -4.530000
20.876000 -4.951000 -4.115000
20.991000 -4.939000 -3.743000
20.582000 -4.874000 -5.184000
20.336000 -4.771000 -4.722000
20.445000 -4.753000 -4.352000
20.986000 -4.838000 -4.068000
20.880000 -4.777000 -3.656000
20.184000 -4.643000 -5.011000
20.374000 -4.642000 -4.658000
20.264000 -4.576000 -4.243000
20.782000 -4.654000 -3.957000
29.859000 -6.635000 -5.128000
20.191000 -4.507000 -4.936000
20.821000 -4.604000 -4.685000
20.189000 -4.425000 -4.156000
31.048000 -6.749000 -5.803000
20.976000 -4.525000 -3.530000
20.433000 -4.423000 -4.917000
20.822000 -4.467000 -4.607000
20.088000 -4.272000 -4.061000
29.819000 -6.289000 -5.468000
30.190000 -6.318000 -4.975000
19.851000 -4.166000 -4.699000
20.089000 -4.177000 -4.368000
29.639000 -6.110000 -5.881000
30.085000 -6.153000 -5.407000
30.325000 -6.155000 -4.890000
19.807000 -4.066000 -4.998000
19.776000 -4.021000 -4.604000
20.150000 -4.060000 -4.304000
29.809000 -5.954000 -5.801000
30.218000 -5.988000 -5.317000
30.434000 -5.986000 -4.796000
19.963000 -3.966000 -4.954000
19.687000 -3.875000 -4.504000
19.739000 -3.851000 -4.138000
29.978000 -5.799000 -5.719000
30.342000 -5.824000 -5.225000
19.869000 -3.819000 -4.848000
19.752000 -3.761000 -4.437000
19.637000 -3.706000 -4.037000
30.469000 -5.703000 -5.693000
43.415000 -8.060000 -7.307000
19.462000 -3.615000 -4.665000
20.031000 -3.686000 -4.415000
19.640000 -3.583000 -3.957000
43.461000 -7.802000 -7.143000
19.492000 -3.497000 -4.587000
20.123000 -3.578000 -4.351000
21.049000 -3.709000 -4.154000
43.484000 -7.542000 -6.972000
19.793000 -3.427000 -4.570000
19.391000 -3.327000 -4.108000
48.971000 -8.331000 -9.456000
43.225000 -7.293000 -7.546000
19.469000 -3.259000 -3.041000
19.799000 -3.305000 -4.482000
19.235000 -3.182000 -3.990000
43.413000 -7.119000 -8.194000
19.440000 -3.162000 -3.310000
19.273000 -3.111000 -2.930000
19.474000 -3.121000 -2.610000
20.178000 -3.244000 -4.476000
19.185000 -3.057000 -3.894000
19.352000 -3.058000 -3.568000
19.210000 -3.011000 -3.189000
19.216000 -2.989000 -2.841000
19.331000 -2.985000 -2.511000
19.993000 -3.095000 -4.344000
19.100000 -2.930000 -3.790000
19.145000 -2.912000 -3.445000
19.225000 -2.901000 -3.107000
19.217000 -2.878000 -2.759000
19.532000 -2.905000 -2.455000
19.092000 -2.843000 -4.059000
19.120000 -2.821000 -3.708000
19.281000 -2.821000 -3.384000
19.450000 -2.824000 -3.059000
19.503000 -2.810000 -2.716000
19.696000 -2.818000 -2.392000
18.887000 -2.702000 -3.927000
43.898000 -6.173000 -7.507000
20.040000 -2.795000 -3.062000
18.963000 -2.603000 -3.852000
44.134000 -5.954000 -7.343000
20.056000 -2.684000 -2.974000
19.394000 -2.550000 -3.845000
44.196000 -5.712000 -7.145000
20.715000 -2.607000 -4.005000
44.281000 -5.478000 -6.949000
41.994000 -5.053000 -7.914000
44.347000 -5.288000 -7.548000
41.979000 -4.820000 -7.700000
44.419000 -5.056000 -7.342000
42.456000 -4.648000 -7.576000
44.526000 -4.832000 -7.141000
42.562000 -4.435000 -7.378000
44.636000 -4.608000 -6.935000
44.615000 -4.413000 -7.503000
44.702000 -4.189000 -7.283000
21.860000 -1.994000 -2.402000
21.928000 -1.985000 -2.028000
44.742000 -3.965000 -7.055000
21.716000 -1.889000 -2.656000
21.693000 -1.870000 -2.273000
21.909000 -1.873000 -1.917000
22.169000 -1.881000 -1.558000
21.995000 -1.805000 -2.578000
22.112000 -1.798000 -2.205000
22.096000 -1.705000 -2.474000
22.187000 -1.695000 -2.098000
22.560000 -1.648000 -2.800000
21.716000 -1.571000 -2.317000
21.983000 -1.576000 -1.965000
23.552000 -1.671000 -1.700000
21.675000 -1.481000 -2.575000
21.801000 -1.474000 -2.210000
21.816000 -1.460000 -1.835000
23.632000 -1.520000 -3.090000
21.660000 -1.378000 -2.455000
21.954000 -1.382000 -2.109000
22.311000 -1.362000 -0.998000
23.411000 -1.397000 -2.932000
21.806000 -1.286000 -2.352000
22.059000 -1.287000 -2.000000
22.048000 -1.272000 -1.621000
22.801000 -1.256000 -2.727000
23.280000 -1.267000 -2.382000
23.500000 -1.250000 -1.599000
23.435000 -1.187000 -2.673000
23.219000 -1.161000 -2.249000
23.514000 -1.161000 -1.874000
23.455000 -1.085000 -2.542000
2.946000 -0.008000 -0.129000
33.217000 -7.908000 5.765000
33.042000 -7.737000 5.529000
33.053000 -7.753000 6.023000
33.027000 -7.601000 5.324000
32.888000 -7.581000 5.789000
32.924000 -7.602000 6.287000
33.182000 -7.503000 5.146000
32.914000 -7.451000 5.590000
32.743000 -7.423000 6.049000
32.769000 -7.442000 6.549000
33.002000 -7.511000 7.097000
33.392000 -7.414000 4.979000
32.995000 -7.332000 5.405000
32.839000 -7.305000 5.867000
32.638000 -7.271000 6.320000
32.575000 -7.269000 6.802000
32.632000 -7.298000 7.314000
33.029000 -7.203000 5.700000
32.733000 -7.146000 6.138000
32.577000 -7.122000 6.602000
32.408000 -7.098000 7.062000
32.922000 -7.039000 5.976000
32.638000 -6.986000 6.416000
32.413000 -6.947000 6.864000
32.861000 -6.881000 6.263000
32.549000 -6.823000 6.696000
22.693000 -1.572000 0.013000
22.773000 -1.554000 0.348000
22.832000 -1.535000 0.686000
23.023000 -1.525000 1.032000
23.122000 -1.511000 1.380000
23.291000 -1.499000 1.736000
23.503000 -1.488000 -0.077000
23.521000 -1.466000 0.270000
23.542000 -1.443000 0.618000
13.858000 4.595000 -1.290000
13.885000 4.601000 -1.053000
13.923000 4.612000 -0.817000
13.967000 4.626000 -0.581000
14.026000 4.649000 -0.344000
13.808000 4.684000 -1.271000
13.838000 4.690000 -1.034000
13.867000 4.698000 -0.798000
13.911000 4.713000 -0.561000
13.992000 4.743000 -0.325000
13.761000 4.773000 -1.250000
13.786000 4.778000 -1.014000
13.828000 4.790000 -0.778000
13.874000 4.806000 -0.542000
13.960000 4.837000 -0.306000
13.711000 4.862000 -1.228000
13.747000 4.869000 -0.993000
13.777000 4.877000 -0.756000
13.828000 4.894000 -0.521000
13.919000 4.928000 -0.285000
13.668000 4.950000 -1.205000
13.695000 4.955000 -0.969000
13.761000 4.976000 -0.735000
13.902000 5.026000 -0.503000
13.886000 5.022000 -0.263000
13.618000 5.036000 -1.180000
13.658000 5.046000 -0.945000
13.690000 5.054000 -0.709000
13.761000 5.080000 -0.475000
13.908000 5.136000 -0.240000
13.591000 5.129000 -1.156000
13.625000 5.136000 -0.921000
13.652000 5.143000 -0.684000
13.714000 5.165000 -0.449000
13.529000 5.208000 -1.127000
13.576000 5.220000 -0.893000
13.605000 5.228000 -0.658000
13.665000 5.250000 -0.423000
13.490000 5.295000 -1.099000
13.523000 5.302000 -0.864000
13.571000 5.316000 -0.630000
13.620000 5.334000 -0.394000
13.432000 5.374000 -1.069000
13.472000 5.384000 -0.834000
13.508000 5.394000 -0.599000
13.572000 5.418000 -0.365000
13.372000 5.452000 -1.036000
13.404000 5.458000 -0.802000
13.466000 5.479000 -0.569000
13.532000 5.504000 -0.334000
13.326000 5.533000 -1.004000
13.351000 5.537000 -0.769000
13.403000 5.554000 -0.536000
13.487000 5.587000 -0.302000
13.282000 5.614000 -0.970000
13.307000 5.617000 -0.735000
13.357000 5.635000 -0.502000
13.580000 5.728000 -0.271000
13.237000 5.694000 -0.934000
13.261000 5.698000 -0.700000
13.317000 5.716000 -0.467000
13.568000 5.824000 -0.236000
13.187000 5.770000 -0.898000
13.221000 5.779000 -0.664000
13.281000 5.800000 -0.431000
13.538000 5.911000 -0.199000
13.130000 5.842000 -0.858000
13.167000 5.851000 -0.626000
13.224000 5.871000 -0.393000
13.081000 5.916000 -0.820000
13.127000 5.929000 -0.588000
13.195000 5.956000 -0.355000
13.032000 5.989000 -0.779000
13.095000 6.011000 -0.547000
13.182000 6.045000 -0.315000
13.010000 6.073000 -0.738000
13.051000 6.085000 -0.506000
13.382000 6.235000 -0.278000
12.968000 6.148000 -0.695000
13.035000 6.172000 -0.464000
12.948000 6.231000 -0.651000
13.144000 6.318000 -0.424000
13.039000 6.367000 -0.612000
13.515000 6.592000 -0.390000
13.361000 6.617000 -0.581000
13.958000 7.010000 -0.556000
19.234000 -0.349000 -1.808000
19.254000 -0.384000 -1.939000
19.270000 -0.419000 -2.074000
19.294000 -0.480000 -2.060000
19.314000 -0.509000 -2.196000
19.213000 -0.540000 -2.601000
19.609000 -0.578000 -2.795000
19.321000 -0.555000 -2.184000
17.739000 -0.546000 -2.655000
19.240000 -0.584000 -2.593000
19.331000 -0.579000 -2.322000
19.243000 -0.607000 -2.731000
19.361000 -0.592000 -2.177000
17.761000 -0.579000 -2.647000
19.366000 -0.611000 -2.314000
19.150000 -0.655000 -3.277000
19.253000 -0.636000 -2.721000
19.117000 -0.673000 -3.409000
17.904000 -0.606000 -2.656000
19.346000 -0.630000 -2.298000
19.112000 -0.689000 -3.545000
19.264000 -0.653000 -2.708000
18.871000 -0.695000 -3.637000
19.133000 -0.690000 -3.398000
19.358000 -0.639000 -2.287000
17.423000 -0.654000 -3.487000
19.145000 -0.703000 -3.541000
19.277000 -0.660000 -2.697000
19.383000 -0.648000 -2.427000
17.619000 -0.673000 -3.656000
19.138000 -0.697000 -3.388000
19.010000 -0.659000 -2.795000
17.990000 -0.697000 -3.866000
17.439000 -0.659000 -3.479000
19.146000 -0.705000 -3.527000
19.323000 -0.658000 -2.693000
18.299000 -0.717000 -4.068000
17.548000 -0.670000 -3.630000
19.070000 -0.709000 -3.652000
19.144000 -0.692000 -3.375000
18.609000 -0.637000 -2.725000
17.398000 -0.688000 -3.998000
17.974000 -0.691000 -3.850000
17.434000 -0.652000 -3.466000
19.136000 -0.696000 -3.512000
20.271000 -0.806000 -4.809000
18.311000 -0.708000 -4.058000
17.528000 -0.658000 -3.613000
19.102000 -0.696000 -3.645000
19.142000 -0.677000 -3.361000
17.335000 -0.693000 -4.244000
17.392000 -0.674000 -3.984000
17.906000 -0.673000 -3.821000
17.407000 -0.634000 -3.446000
19.138000 -0.675000 -3.496000
17.324000 -0.694000 -4.372000
20.238000 -0.785000 -4.787000
18.336000 -0.689000 -4.048000
17.447000 -0.634000 -3.581000
19.089000 -0.671000 -3.625000
19.136000 -0.650000 -3.343000
17.344000 -0.672000 -4.231000
17.390000 -0.651000 -3.968000
17.859000 -0.646000 -3.796000
17.394000 -0.608000 -3.428000
19.124000 -0.644000 -3.477000
17.300000 -0.667000 -4.350000
17.359000 -0.646000 -4.090000
18.309000 -0.657000 -4.025000
17.389000 -0.602000 -3.552000
19.070000 -0.635000 -3.603000
17.316000 -0.639000 -4.207000
17.451000 -0.620000 -3.964000
17.609000 -0.602000 -3.724000
17.375000 -0.571000 -3.406000
17.274000 -0.630000 -4.324000
17.353000 -0.608000 -4.067000
18.290000 -0.616000 -3.999000
17.347000 -0.560000 -3.523000
17.292000 -0.597000 -4.180000
17.627000 -0.583000 -3.980000
17.908000 -0.567000 -3.764000
17.245000 -0.584000 -4.293000
17.312000 -0.560000 -4.033000
18.256000 -0.564000 -3.965000
20.135000 -0.635000 -4.835000
17.732000 -0.532000 -3.977000
17.198000 -0.527000 -4.254000
17.246000 -0.502000 -3.991000
17.176000 -0.509000 -4.373000
20.091000 -0.563000 -4.791000
17.154000 -0.462000 -4.213000
17.129000 -0.440000 -4.328000
13.529000 4.821000 -3.551000
13.429000 4.745000 -3.432000
13.442000 4.708000 -3.343000
13.721000 4.797000 -3.572000
13.481000 4.677000 -3.262000
13.464000 4.662000 -3.413000
13.541000 4.653000 -3.186000
13.837000 4.779000 -3.668000
13.520000 4.632000 -3.334000
13.648000 4.642000 -3.119000
13.569000 4.635000 -3.505000
13.553000 4.594000 -3.252000
13.811000 4.649000 -3.066000
13.653000 4.612000 -3.434000
13.687000 4.588000 -3.193000
14.036000 4.673000 -3.024000
13.605000 4.578000 -3.579000
13.598000 4.540000 -3.328000
13.635000 4.519000 -3.091000
14.407000 4.741000 -3.010000
13.568000 4.509000 -3.477000
13.614000 4.490000 -3.242000
13.818000 4.525000 -3.042000
14.914000 4.851000 -3.021000
13.617000 4.469000 -3.399000
13.668000 4.452000 -3.165000
14.154000 4.577000 -3.025000
14.779000 4.748000 -2.899000
13.611000 4.444000 -3.555000
13.651000 4.421000 -3.316000
13.727000 4.413000 -3.089000
15.268000 4.875000 -3.165000
21.348000 6.771000 -4.052000
13.644000 4.393000 -3.473000
13.700000 4.377000 -3.239000
14.180000 4.497000 -3.099000
14.866000 4.683000 -2.987000
21.506000 6.733000 -3.947000
13.683000 4.379000 -3.642000
13.686000 4.345000 -3.393000
13.755000 4.333000 -3.163000
15.139000 4.735000 -3.212000
14.819000 4.604000 -2.884000
21.693000 6.699000 -3.848000
13.700000 4.320000 -3.555000
13.744000 4.299000 -3.317000
13.836000 4.295000 -3.092000
15.095000 4.653000 -3.107000
21.798000 6.676000 -4.107000
21.875000 6.660000 -3.747000
13.736000 4.266000 -3.476000
13.789000 4.249000 -3.241000
14.229000 4.352000 -3.091000
14.991000 4.553000 -2.993000
21.991000 6.636000 -4.010000
22.065000 6.619000 -3.646000
13.787000 4.215000 -3.400000
13.856000 4.203000 -3.169000
15.197000 4.576000 -3.206000
22.093000 6.609000 -4.277000
22.145000 6.583000 -3.905000
22.242000 6.574000 -3.544000
13.836000 4.163000 -3.325000
13.953000 4.166000 -3.105000
15.114000 4.480000 -3.097000
22.281000 6.560000 -4.179000
22.357000 6.542000 -3.811000
22.431000 6.527000 -3.443000
13.895000 4.111000 -3.253000
14.535000 4.269000 -3.146000
15.152000 4.419000 -3.015000
22.477000 6.512000 -4.084000
22.545000 6.492000 -3.711000
22.608000 6.474000 -3.340000
13.970000 4.064000 -3.185000
15.255000 4.405000 -3.210000
15.252000 4.374000 -2.944000
22.677000 6.461000 -3.987000
22.747000 6.443000 -3.612000
22.821000 6.428000 -3.240000
14.107000 4.032000 -3.131000
15.188000 4.310000 -3.105000
22.801000 6.425000 -4.267000
22.872000 6.404000 -3.889000
22.946000 6.387000 -3.513000
14.866000 4.172000 -3.212000
15.262000 4.253000 -3.031000
23.003000 6.368000 -4.173000
23.077000 6.348000 -3.793000
23.135000 6.327000 -3.412000
23.057000 6.353000 -4.848000
16.224000 4.437000 -3.130000
16.705000 4.539000 -2.936000
16.785000 4.532000 -2.664000
16.848000 4.524000 -2.391000
16.880000 4.508000 -2.115000
15.321000 4.140000 -3.132000
16.704000 4.482000 -3.127000
16.768000 4.470000 -2.853000
16.794000 4.449000 -2.573000
16.880000 4.424000 -2.024000
15.520000 4.111000 -3.085000
16.588000 4.363000 -3.013000
16.195000 4.232000 -2.665000
16.542000 4.296000 -2.444000
16.591000 4.285000 -2.174000
16.594000 4.264000 -1.901000
15.885000 4.121000 -3.069000
16.404000 4.227000 -2.889000
16.140000 4.132000 -2.568000
16.234000 4.132000 -2.311000
16.362000 4.121000 -1.788000
15.970000 4.057000 -2.998000
16.050000 4.051000 -2.740000
16.109000 4.040000 -2.478000
16.150000 4.026000 -2.214000
16.221000 4.021000 -1.955000
15.685000 3.899000 -2.859000
16.050000 3.962000 -2.653000
15.694000 3.850000 -2.331000
16.526000 4.030000 -2.179000
16.048000 3.893000 -1.851000
15.638000 3.800000 -2.767000
15.690000 3.787000 -2.511000
15.705000 3.767000 -2.251000
15.791000 3.766000 -2.001000
15.882000 3.767000 -1.751000
15.746000 3.738000 -2.705000
15.807000 3.728000 -2.449000
15.759000 3.694000 -2.178000
15.870000 3.699000 -1.931000
15.737000 3.648000 -1.656000
15.450000 3.582000 -2.575000
15.474000 3.564000 -2.320000
15.562000 3.562000 -2.074000
15.620000 3.554000 -1.824000
15.142000 3.425000 -2.448000
15.445000 3.470000 -2.239000
15.645000 3.494000 -2.009000
15.644000 3.474000 -1.751000
14.975000 3.302000 -2.347000
15.748000 3.449000 -2.206000
15.334000 3.319000 -1.642000
15.029000 3.227000 -2.283000
15.268000 3.257000 -2.065000
15.286000 3.240000 -1.815000
15.151000 3.193000 -1.551000
14.991000 3.132000 -2.205000
14.973000 3.089000 -1.709000
14.897000 3.025000 -2.122000
14.938000 3.014000 -1.882000
15.061000 3.020000 -1.650000
16.379000 3.232000 -2.259000
23.519000 -1.458000 0.139000
23.503000 -1.489000 0.513000
23.008000 -1.488000 0.869000
23.101000 -1.527000 1.242000
22.718000 -1.565000 0.159000
34.352000 -8.709000 1.887000
34.655000 -8.964000 1.305000
34.295000 -8.948000 1.843000
34.900000 -9.211000 0.708000
34.548000 -9.191000 1.256000
34.279000 -9.195000 1.798000
34.875000 -9.385000 0.100000
34.752000 -9.422000 0.657000
34.547000 -9.441000 1.208000
34.576000 -9.527000 1.765000
35.810000 -9.765000 -1.097000
34.845000 -9.564000 -0.510000
34.863000 -9.638000 0.048000
34.642000 -9.647000 0.603000
34.781000 -9.760000 1.165000
34.901000 -9.873000 1.730000
35.228000 -9.926000 -0.572000
34.986000 -9.925000 -0.007000
34.982000 -9.994000 0.554000
35.199000 -10.133000 1.122000
35.445000 -10.183000 -1.203000
35.287000 -10.200000 -0.632000
35.228000 -10.251000 -0.067000
35.350000 -10.359000 0.499000
35.440000 -10.439000 -1.267000
35.501000 -10.521000 -0.701000
35.679000 -10.644000 -0.132000
35.699000 -10.777000 -1.345000
35.695000 -10.840000 -0.773000
36.163000 -11.179000 -1.434000
35.731000 -11.110000 -0.844000
45.838000 -25.833000 -9.122000
45.543000 -25.902000 -9.350000
45.479000 -26.095000 -9.628000
45.648000 -26.124000 -8.860000
45.449000 -26.297000 -9.914000
45.517000 -26.261000 -9.126000
45.929000 -26.792000 -10.320000
45.650000 -26.544000 -9.443000
45.624000 -26.458000 -8.636000
45.843000 -26.858000 -9.787000
45.434000 -26.538000 -8.894000
46.077000 -27.187000 -10.137000
46.266000 -27.206000 -9.357000
46.605000 -27.683000 -10.564000
46.281000 -27.390000 -9.658000
48.421000 -28.568000 -9.248000
44.377000 -26.425000 -9.558000
48.067000 -28.524000 -9.493000
43.349000 -25.961000 -9.623000
44.174000 -26.356000 -9.014000
42.604000 -25.649000 -9.742000
43.605000 -26.145000 -9.183000
48.063000 -28.718000 -9.264000
43.150000 -25.992000 -9.370000
43.922000 -26.355000 -8.749000
28.806000 -17.508000 -6.974000
42.233000 -25.548000 -9.448000
43.471000 -26.187000 -8.939000
41.907000 -25.446000 -9.649000
42.376000 -25.615000 -8.986000
43.809000 -26.377000 -8.501000
29.280000 -17.841000 -6.934000
42.129000 -25.546000 -9.205000
43.508000 -26.270000 -8.721000
29.394000 -17.964000 -7.158000
41.961000 -25.512000 -9.441000
42.375000 -25.646000 -8.763000
42.214000 -25.600000 -8.993000
42.081000 -25.559000 -9.230000
41.920000 -25.493000 -9.457000
29.042000 -17.675000 -6.731000
29.045000 -17.683000 -6.912000
28.965000 -17.633000 -7.070000
19.210000 -3.079000 -4.853000
19.317000 -2.995000 -4.782000
19.458000 -2.916000 -4.718000
19.530000 -2.827000 -4.633000
18.782000 -2.636000 -4.719000
18.820000 -2.629000 -4.366000
18.847000 -2.540000 -4.273000
20.749000 -2.707000 -4.988000
19.091000 -2.480000 -4.225000
18.551000 -2.340000 -4.715000
18.624000 -2.340000 -4.374000
19.083000 -2.388000 -4.119000
18.472000 -2.242000 -4.591000
18.669000 -2.257000 -4.281000
18.741000 -2.257000 -3.943000
18.455000 -2.153000 -4.480000
19.270000 -2.240000 -4.310000
18.498000 -2.143000 -3.789000
18.412000 -2.064000 -4.364000
18.922000 -2.113000 -4.124000
18.728000 -2.084000 -3.731000
18.269000 -1.972000 -4.574000
18.349000 -1.973000 -4.242000
18.807000 -2.016000 -3.991000
20.570000 -2.197000 -3.982000
18.251000 -1.889000 -4.460000
18.845000 -1.943000 -4.245000
18.297000 -1.881000 -3.778000
41.831000 -4.289000 -7.864000
18.142000 -1.799000 -4.323000
18.864000 -1.864000 -4.138000
18.505000 -1.823000 -3.713000
18.077000 -1.721000 -4.546000
18.156000 -1.722000 -4.216000
18.381000 -1.738000 -3.922000
18.375000 -1.733000 -3.579000
18.989000 -1.786000 -3.350000
18.163000 -1.652000 -4.454000
18.635000 -1.690000 -4.215000
18.111000 -1.637000 -3.756000
51.954000 -4.687000 -9.816000
18.955000 -1.706000 -3.234000
18.209000 -1.581000 -4.352000
18.650000 -1.614000 -4.104000
18.069000 -1.560000 -3.638000
20.005000 -1.723000 -3.661000
19.013000 -1.634000 -3.133000
17.893000 -1.486000 -4.507000
17.979000 -1.488000 -4.184000
18.490000 -1.526000 -3.955000
19.037000 -1.568000 -3.718000
18.699000 -1.537000 -3.310000
20.413000 -1.675000 -3.244000
17.892000 -1.415000 -4.391000
17.940000 -1.414000 -4.062000
17.960000 -1.412000 -3.730000
18.309000 -1.436000 -3.465000
18.984000 -1.487000 -3.247000
17.906000 -1.346000 -4.278000
18.316000 -1.372000 -4.030000
17.930000 -1.340000 -3.612000
18.317000 -1.367000 -3.354000
18.374000 -1.369000 -3.031000
18.679000 -1.389000 -2.746000
17.844000 -1.273000 -4.148000
18.299000 -1.302000 -3.911000
17.884000 -1.270000 -3.491000
18.289000 -1.296000 -3.235000
18.497000 -1.309000 -2.938000
18.226000 -1.233000 -4.119000
17.846000 -1.204000 -3.700000
19.780000 -1.332000 -3.737000
18.319000 -1.232000 -3.127000
18.582000 -1.247000 -2.838000
18.678000 -1.195000 -4.097000
17.773000 -1.135000 -3.569000
18.304000 -1.167000 -3.341000
19.090000 -1.215000 -3.139000
23.502000 -1.493000 -3.029000
18.258000 -1.104000 -3.885000
18.317000 -1.106000 -3.561000
18.378000 -1.107000 -3.238000
22.905000 -1.375000 -2.810000
17.670000 -1.007000 -3.644000
42.866000 -2.441000 -8.056000
19.040000 -1.082000 -3.233000
22.666000 -1.284000 -2.641000
17.647000 -0.947000 -3.523000
42.594000 -2.282000 -7.726000
19.085000 -1.022000 -3.118000
19.515000 -1.043000 -2.840000
23.475000 -1.255000 -3.003000
23.446000 -1.252000 -2.587000
19.252000 -0.971000 -3.716000
19.165000 -0.965000 -3.351000
19.410000 -0.976000 -3.046000
19.458000 -0.978000 -2.708000
23.476000 -1.179000 -2.854000
61.639000 -2.912000 -11.488000
19.369000 -0.914000 -3.261000
23.501000 -1.106000 -2.708000
19.345000 -0.854000 -3.130000
19.309000 -0.794000 -2.996000
19.353000 -0.795000 -2.658000
19.281000 -0.737000 -2.863000
19.402000 -0.742000 -2.540000
19.247000 -0.682000 -2.730000
19.368000 -0.685000 -2.407000
17.754000 -0.581000 -2.712000
19.359000 -0.632000 -2.278000
17.765000 -0.535000 -2.595000
19.310000 -0.580000 -2.144000
19.287000 -0.531000 -2.686000
19.180000 -0.482000 -2.542000
19.187000 -0.481000 -2.209000
19.180000 -0.437000 -2.414000
19.295000 -0.438000 -2.093000
19.268000 -0.393000 -1.960000
19.210000 -0.350000 -1.826000
19.149000 -0.310000 -2.019000
19.190000 -0.272000 -1.893000
19.245000 -0.235000 -1.768000
25.003000 -1.194000 9.970000
29.493000 -3.341000 14.816000
29.623000 -3.491000 14.313000
29.364000 -3.481000 14.941000
29.914000 -3.661000 13.893000
29.554000 -3.638000 14.460000
30.168000 -3.825000 13.453000
29.731000 -3.793000 13.979000
29.515000 -3.791000 14.619000
29.931000 -3.953000 13.513000
29.629000 -3.940000 14.100000
29.958000 -4.015000 15.018000
30.113000 -4.113000 13.044000
29.829000 -4.100000 13.629000
29.799000 -4.128000 14.349000
30.025000 -4.261000 13.161000
29.899000 -4.274000 13.821000
30.022000 -4.422000 13.308000
30.240000 -4.619000 13.553000
34.367000 -9.337000 2.197000
34.425000 -9.315000 2.714000
34.383000 -9.268000 3.227000
34.195000 -9.083000 2.042000
34.064000 -9.010000 2.543000
34.010000 -8.960000 3.049000
33.948000 -8.911000 3.555000
33.861000 -8.860000 4.060000
33.797000 -8.817000 4.567000
34.251000 -8.891000 1.903000
34.102000 -8.812000 2.403000
33.893000 -8.719000 2.896000
33.746000 -8.648000 3.393000
33.686000 -8.602000 3.897000
33.765000 -8.595000 4.420000
34.521000 -8.748000 1.777000
34.186000 -8.622000 2.270000
33.954000 -8.525000 2.764000
33.707000 -8.426000 3.251000
33.605000 -8.369000 3.749000
33.420000 -8.294000 4.237000
34.332000 -8.404000 2.657000
33.898000 -8.263000 3.135000
33.651000 -8.169000 3.620000
33.437000 -8.085000 4.105000
34.512000 -8.195000 3.058000
33.842000 -8.001000 3.510000
33.609000 -7.914000 3.995000
22.480000 -1.710000 -0.567000
22.550000 -1.686000 -0.225000
22.695000 -1.510000 0.082000
23.510000 -1.535000 0.445000
23.521000 -1.505000 0.805000
23.542000 -1.478000 1.166000
23.530000 -1.467000 -0.669000
19.022000 0.006000 -1.757000
19.802000 0.013000 -1.969000
19.826000 0.023000 -2.113000
19.009000 0.030000 -1.745000
18.897000 0.032000 -2.147000
19.802000 0.043000 -1.958000
19.582000 0.046000 -2.365000
19.792000 0.057000 -2.096000
19.003000 0.065000 -1.732000
19.726000 0.061000 -2.523000
18.974000 0.069000 -2.144000
19.771000 0.084000 -1.941000
18.881000 0.074000 -2.550000
19.560000 0.089000 -2.349000
19.746000 0.102000 -2.077000
18.989000 0.110000 -1.716000
18.204000 0.088000 -2.589000
19.669000 0.108000 -2.502000
19.498000 0.120000 -2.189000
19.716000 0.135000 -1.921000
18.095000 0.105000 -2.704000
19.306000 0.126000 -2.594000
19.392000 0.141000 -2.314000
18.942000 0.166000 -1.696000
17.397000 0.120000 -2.723000
18.258000 0.140000 -2.580000
18.844000 0.173000 -2.096000
19.359000 0.194000 -1.865000
18.472000 0.149000 -3.022000
17.443000 0.155000 -2.589000
18.743000 0.181000 -2.498000
19.182000 0.202000 -2.268000
18.915000 0.231000 -1.673000
18.511000 0.173000 -3.162000
17.505000 0.178000 -2.722000
18.428000 0.203000 -2.584000
18.888000 0.241000 -2.080000
19.158000 0.262000 -1.824000
18.219000 0.194000 -3.241000
17.365000 0.201000 -2.822000
17.559000 0.219000 -2.585000
18.834000 0.252000 -2.487000
19.029000 0.272000 -2.226000
19.589000 0.298000 -1.999000
17.441000 0.211000 -3.228000
18.546000 0.242000 -3.145000
17.658000 0.247000 -2.723000
18.604000 0.278000 -2.585000
19.516000 0.310000 -2.417000
17.068000 0.233000 -3.281000
18.518000 0.271000 -3.273000
17.363000 0.271000 -2.800000
17.670000 0.293000 -2.578000
18.799000 0.349000 -2.172000
16.756000 0.256000 -3.342000
50.137000 0.817000 -9.214000
17.263000 0.299000 -2.904000
17.866000 0.327000 -2.730000
18.643000 0.361000 -2.564000
18.663000 0.381000 -2.284000
17.079000 0.290000 -3.529000
16.993000 0.307000 -3.244000
50.631000 0.968000 -8.875000
17.611000 0.355000 -2.814000
17.775000 0.377000 -2.566000
17.219000 0.324000 -3.682000
16.716000 0.332000 -3.308000
50.534000 1.061000 -9.208000
17.228000 0.380000 -2.871000
18.080000 0.419000 -2.733000
19.434000 0.472000 -2.641000
17.506000 0.362000 -3.868000
16.690000 0.364000 -3.421000
17.132000 0.393000 -3.240000
17.230000 0.414000 -2.988000
17.906000 0.451000 -2.828000
17.356000 0.457000 -2.474000
18.085000 0.410000 -4.125000
17.102000 0.408000 -3.625000
16.728000 0.418000 -3.279000
17.223000 0.451000 -3.105000
17.524000 0.479000 -2.887000
18.309000 0.522000 -2.732000
18.737000 0.464000 -4.407000
17.479000 0.454000 -3.829000
16.609000 0.451000 -3.372000
17.168000 0.486000 -3.213000
17.431000 0.515000 -2.988000
18.232000 0.560000 -2.841000
18.682000 0.503000 -4.527000
18.137000 0.511000 -4.099000
17.056000 0.501000 -3.581000
16.643000 0.509000 -3.228000
17.641000 0.562000 -3.144000
17.892000 0.592000 -2.909000
18.635000 0.545000 -4.651000
18.670000 0.569000 -4.352000
17.281000 0.549000 -3.748000
16.536000 0.546000 -3.321000
18.112000 0.620000 -3.349000
17.716000 0.629000 -2.998000
18.610000 0.612000 -4.470000
17.310000 0.592000 -3.874000
17.049000 0.604000 -3.540000
16.750000 0.615000 -3.210000
17.155000 0.652000 -3.016000
18.567000 0.658000 -4.591000
17.968000 0.660000 -4.146000
17.171000 0.652000 -3.682000
16.463000 0.647000 -3.265000
17.276000 0.702000 -3.152000
18.533000 0.729000 -4.405000
17.355000 0.706000 -3.840000
16.649000 0.699000 -3.415000
17.005000 0.737000 -3.214000
18.471000 0.777000 -4.517000
17.970000 0.780000 -4.097000
16.743000 0.750000 -3.544000
16.412000 0.756000 -3.209000
17.764000 0.821000 -4.170000
17.192000 0.819000 -3.753000
16.396000 0.803000 -3.313000
16.425000 0.808000 -3.967000
17.821000 0.901000 -4.008000
16.642000 0.864000 -3.471000
18.553000 0.968000 -4.603000
16.780000 0.898000 -3.883000
16.443000 0.903000 -3.535000
16.715000 0.924000 -4.259000
16.733000 0.949000 -3.982000
16.804000 0.976000 -3.720000
16.670000 0.998000 -4.076000
16.797000 1.030000 -3.826000
16.763000 1.060000 -4.207000
16.834000 1.088000 -3.941000
16.930000 1.151000 -4.070000
16.921000 1.210000 -4.175000
15.959000 1.257000 -4.136000
12.355000 6.435000 -3.314000
12.353000 6.409000 -3.230000
12.425000 6.419000 -3.166000
12.377000 6.407000 -3.317000
12.353000 6.352000 -3.064000
12.375000 6.372000 -3.231000
12.457000 6.374000 -3.007000
12.398000 6.349000 -3.153000
12.491000 6.357000 -2.933000
12.371000 6.340000 -3.308000
12.396000 6.310000 -3.069000
12.538000 6.344000 -2.861000
12.381000 6.305000 -3.227000
12.470000 6.309000 -3.005000
12.565000 6.319000 -2.785000
12.825000 6.485000 -3.254000
12.512000 6.287000 -2.930000
12.501000 6.246000 -2.688000
12.475000 6.263000 -3.082000
12.590000 6.282000 -2.866000
12.481000 6.193000 -2.604000
13.611000 6.827000 -3.538000
12.533000 6.245000 -3.013000
12.616000 6.249000 -2.789000
12.485000 6.151000 -2.524000
12.884000 6.410000 -3.261000
12.566000 6.211000 -2.937000
12.527000 6.157000 -2.689000
12.507000 6.115000 -2.449000
12.530000 6.182000 -3.088000
12.652000 6.203000 -2.873000
12.525000 6.106000 -2.606000
12.538000 6.082000 -2.375000
13.525000 6.658000 -3.505000
12.588000 6.155000 -3.018000
12.680000 6.163000 -2.797000
12.531000 6.057000 -2.527000
12.581000 6.052000 -2.304000
12.542000 6.116000 -3.166000
12.637000 6.122000 -2.945000
12.589000 6.063000 -2.695000
12.600000 6.036000 -2.461000
12.646000 6.030000 -2.237000
12.497000 6.035000 -3.070000
12.691000 6.090000 -2.875000
12.596000 6.010000 -2.615000
12.603000 5.983000 -2.383000
12.676000 5.990000 -2.164000
13.608000 6.550000 -3.517000
12.491000 5.971000 -2.987000
12.631000 6.001000 -2.780000
12.608000 5.957000 -2.538000
12.653000 5.949000 -2.313000
12.726000 5.957000 -2.094000
13.344000 6.355000 -3.360000
13.252000 6.270000 -3.082000
12.607000 5.929000 -2.694000
12.669000 5.926000 -2.472000
12.731000 5.926000 -2.249000
12.759000 5.914000 -2.022000
12.824000 6.040000 -3.145000
13.153000 6.155000 -2.975000
12.640000 5.881000 -2.622000
12.699000 5.878000 -2.398000
12.768000 5.882000 -2.178000
12.804000 5.874000 -1.953000
12.714000 5.920000 -3.035000
12.997000 6.015000 -2.857000
12.681000 5.836000 -2.552000
12.750000 5.838000 -2.331000
12.824000 5.845000 -2.111000
12.853000 5.836000 -1.884000
12.758000 5.873000 -2.965000
12.996000 5.946000 -2.776000
12.730000 5.793000 -2.484000
12.821000 5.806000 -2.266000
12.862000 5.798000 -2.041000
12.902000 5.794000 -1.817000
12.799000 5.821000 -2.894000
12.986000 5.872000 -2.695000
12.791000 5.753000 -2.419000
12.861000 5.757000 -2.198000
12.901000 5.751000 -1.974000
12.946000 5.750000 -1.750000
12.888000 5.791000 -2.837000
12.800000 5.718000 -2.580000
12.838000 5.707000 -2.353000
12.910000 5.712000 -2.132000
12.951000 5.707000 -1.908000
13.030000 5.722000 -1.688000
13.198000 5.856000 -2.825000
12.846000 5.669000 -2.514000
12.908000 5.667000 -2.290000
12.987000 5.676000 -2.071000
13.003000 5.661000 -1.841000
13.255000 5.751000 -1.643000
13.512000 5.917000 -2.811000
12.886000 5.613000 -2.445000
12.972000 5.623000 -2.227000
13.005000 5.613000 -1.999000
13.051000 5.611000 -1.775000
13.132000 5.627000 -1.555000
13.341000 5.764000 -2.697000
12.944000 5.564000 -2.382000
13.016000 5.568000 -2.161000
13.051000 5.560000 -1.934000
13.103000 5.562000 -1.711000
13.172000 5.572000 -1.489000
12.952000 5.520000 -2.544000
13.016000 5.519000 -2.321000
13.063000 5.514000 -2.096000
13.103000 5.508000 -1.870000
13.172000 5.517000 -1.648000
13.232000 5.525000 -1.425000
12.999000 5.463000 -2.480000
13.077000 5.468000 -2.260000
13.119000 5.460000 -2.033000
13.163000 5.457000 -1.807000
13.261000 5.479000 -1.589000
13.267000 5.466000 -1.360000
13.060000 5.409000 -2.419000
13.148000 5.420000 -2.201000
13.165000 5.403000 -1.970000
13.209000 5.400000 -1.744000
13.590000 5.537000 -1.558000
13.346000 5.423000 -1.299000
13.115000 5.352000 -2.358000
13.191000 5.357000 -2.136000
13.221000 5.347000 -1.908000
13.291000 5.355000 -1.686000
13.658000 5.485000 -1.495000
13.408000 5.370000 -1.238000
13.212000 5.310000 -2.305000
13.241000 5.297000 -2.075000
13.277000 5.290000 -1.848000
13.376000 5.310000 -1.629000
13.680000 5.413000 -1.430000
13.449000 5.308000 -1.175000
13.286000 5.258000 -2.250000
13.290000 5.236000 -2.016000
13.331000 5.231000 -1.789000
13.375000 5.230000 -1.563000
13.437000 5.238000 -1.338000
13.505000 5.252000 -1.115000
13.331000 5.193000 -2.190000
13.357000 5.180000 -1.959000
13.386000 5.172000 -1.731000
13.444000 5.176000 -1.506000
13.492000 5.179000 -1.280000
13.568000 5.195000 -1.056000
13.378000 5.127000 -2.131000
13.410000 5.117000 -1.901000
13.449000 5.112000 -1.674000
13.499000 5.115000 -1.448000
13.555000 5.121000 -1.222000
13.606000 5.128000 -0.996000
13.426000 5.061000 -2.074000
13.460000 5.053000 -1.844000
13.512000 5.053000 -1.618000
13.546000 5.048000 -1.390000
13.606000 5.057000 -1.164000
13.641000 5.058000 -0.936000
13.481000 4.995000 -2.017000
13.521000 4.989000 -1.789000
13.559000 4.985000 -1.560000
13.614000 4.990000 -1.334000
13.666000 4.994000 -1.107000
13.700000 4.995000 -0.879000
13.520000 4.922000 -1.960000
13.576000 4.923000 -1.734000
13.601000 4.914000 -1.504000
13.649000 4.916000 -1.277000
13.686000 4.917000 -1.049000
13.729000 4.921000 -0.821000
13.554000 4.847000 -1.903000
13.597000 4.843000 -1.675000
13.641000 4.842000 -1.448000
13.714000 4.853000 -1.223000
13.744000 4.851000 -0.994000
13.776000 4.851000 -0.765000
13.622000 4.782000 -1.852000
13.670000 4.781000 -1.625000
13.706000 4.777000 -1.396000
13.755000 4.779000 -1.168000
13.791000 4.780000 -0.938000
13.832000 4.784000 -0.710000
13.680000 4.714000 -1.801000
13.723000 4.710000 -1.573000
13.759000 4.706000 -1.343000
13.803000 4.707000 -1.115000
13.837000 4.707000 -0.885000
13.890000 4.716000 -0.657000
13.723000 4.638000 -1.748000
13.766000 4.635000 -1.520000
13.822000 4.638000 -1.292000
13.866000 4.640000 -1.064000
13.902000 4.641000 -0.834000
13.954000 4.648000 -0.604000
22.262000 -1.397000 -1.023000
22.725000 -1.453000 -0.694000
23.306000 -1.521000 -0.354000
22.621000 -1.506000 0.004000
22.853000 -1.553000 0.355000
22.863000 -1.584000 0.707000
23.495000 -1.636000 -1.108000
22.615000 -1.663000 -0.023000
22.276000 -1.857000 -1.108000
35.180000 -9.918000 -2.361000
35.045000 -9.923000 -1.823000
35.148000 -10.087000 -3.033000
35.041000 -10.095000 -2.493000
35.929000 -10.396000 -2.016000
35.531000 -10.352000 -4.297000
35.212000 -10.291000 -3.720000
35.118000 -10.298000 -3.176000
36.259000 -10.672000 -2.731000
35.859000 -10.598000 -2.162000
35.410000 -10.515000 -4.982000
35.303000 -10.510000 -4.422000
36.624000 -10.969000 -3.470000
36.159000 -10.868000 -2.879000
35.838000 -10.811000 -2.312000
35.371000 -10.728000 -5.132000
36.444000 -11.138000 -3.612000
36.145000 -11.085000 -3.034000
35.898000 -11.049000 -2.473000
36.745000 -11.428000 -4.370000
36.382000 -11.345000 -3.771000
36.269000 -11.346000 -3.209000
36.158000 -11.350000 -2.654000
35.293000 -11.150000 -5.447000
35.469000 -11.226000 -4.925000
36.758000 -11.658000 -4.540000
36.483000 -11.600000 -3.948000
36.351000 -11.592000 -3.382000
36.565000 -11.698000 -2.850000
35.185000 -11.338000 -5.599000
35.512000 -11.461000 -5.101000
36.799000 -11.898000 -4.720000
36.660000 -11.879000 -4.139000
36.753000 -11.940000 -3.591000
34.906000 -11.462000 -5.724000
35.214000 -11.579000 -5.226000
36.944000 -12.164000 -4.911000
36.992000 -12.207000 -4.350000
34.671000 -11.598000 -5.856000
34.980000 -11.712000 -5.363000
35.292000 -11.833000 -4.865000
37.353000 -12.545000 -4.574000
34.622000 -11.792000 -6.022000
34.847000 -11.879000 -5.518000
35.019000 -11.951000 -5.002000
34.998000 -12.133000 -6.268000
35.111000 -12.180000 -5.740000
35.422000 -12.492000 -6.529000
35.589000 -12.555000 -6.002000
35.750000 -12.620000 -5.472000
35.910000 -12.878000 -6.813000
35.915000 -12.879000 -6.247000
36.230000 -12.999000 -5.735000
31.736000 -11.568000 -6.194000
36.471000 -13.291000 -6.542000
36.616000 -13.345000 -5.993000
31.729000 -11.751000 -6.369000
37.111000 -13.738000 -6.861000
37.549000 -13.899000 -6.352000
31.604000 -11.885000 -6.522000
37.242000 -13.995000 -7.092000
37.405000 -14.052000 -6.533000
31.468000 -12.015000 -6.677000
37.860000 -14.433000 -6.828000
38.096000 -14.522000 -6.272000
31.360000 -12.152000 -6.839000
31.449000 -12.170000 -6.352000
38.288000 -14.805000 -7.124000
37.322000 -14.668000 -8.361000
31.377000 -12.312000 -6.523000
57.982000 -23.108000 -13.341000
31.230000 -12.424000 -6.679000
31.210000 -12.399000 -6.174000
29.654000 -11.980000 -7.008000
31.127000 -12.550000 -6.848000
31.203000 -12.559000 -6.360000
31.035000 -12.674000 -7.020000
31.108000 -12.681000 -6.532000
37.040000 -15.283000 -8.006000
33.621000 -14.036000 -7.478000
30.674000 -12.955000 -7.018000
36.909000 -15.551000 -7.843000
31.444000 -13.430000 -7.398000
36.827000 -15.687000 -8.061000
35.138000 -15.127000 -7.918000
34.373000 -14.946000 -7.967000
36.599000 -15.869000 -7.884000
36.578000 -16.012000 -8.118000
36.776000 -16.056000 -7.564000
33.699000 -14.888000 -7.701000
36.628000 -16.135000 -7.772000
36.545000 -16.235000 -7.989000
34.612000 -15.619000 -8.022000
17.335000 -0.700000 -4.402000
17.287000 -0.650000 -4.275000
20.160000 -0.703000 -4.852000
17.196000 -0.544000 -4.346000
17.317000 -0.559000 -4.052000
17.188000 -0.500000 -4.226000
17.394000 -0.517000 -3.952000
20.063000 -0.534000 -4.797000
18.185000 -0.497000 -4.010000
17.081000 -0.403000 -4.286000
17.191000 -0.417000 -3.992000
17.710000 -0.442000 -3.785000
17.086000 -0.364000 -4.167000
17.588000 -0.387000 -3.962000
17.436000 -0.396000 -3.608000
17.008000 -0.314000 -4.349000
19.960000 -0.383000 -4.729000
18.094000 -0.360000 -3.951000
17.188000 -0.354000 -3.441000
16.995000 -0.278000 -4.225000
17.089000 -0.292000 -3.929000
17.606000 -0.314000 -3.725000
17.776000 -0.329000 -3.438000
16.976000 -0.245000 -4.100000
17.741000 -0.269000 -3.955000
17.177000 -0.273000 -3.515000
18.424000 -0.305000 -3.438000
16.932000 -0.200000 -4.285000
17.027000 -0.214000 -3.990000
18.000000 -0.239000 -3.886000
17.135000 -0.240000 -3.387000
17.589000 -0.258000 -3.161000
16.920000 -0.170000 -4.159000
17.064000 -0.184000 -3.876000
17.413000 -0.200000 -3.637000
18.281000 -0.223000 -3.487000
18.584000 -0.240000 -3.213000
19.195000 -0.160000 -4.578000
17.907000 -0.163000 -3.939000
17.064000 -0.167000 -3.442000
17.853000 -0.188000 -3.280000
18.450000 -0.206000 -3.062000
16.876000 -0.101000 -4.217000
16.971000 -0.114000 -3.924000
17.809000 -0.133000 -3.791000
17.330000 -0.142000 -3.373000
19.070000 -0.170000 -3.371000
18.691000 -0.179000 -2.973000
16.870000 -0.077000 -4.091000
17.367000 -0.092000 -3.889000
17.169000 -0.103000 -3.531000
18.554000 -0.124000 -3.481000
18.518000 -0.137000 -3.143000
18.007000 -0.145000 -2.739000
16.898000 -0.053000 -3.972000
17.826000 -0.069000 -3.862000
17.015000 -0.078000 -3.376000
19.605000 -0.103000 -3.539000
18.186000 -0.108000 -2.961000
18.225000 -0.120000 -2.647000
16.915000 -0.031000 -3.852000
17.187000 -0.044000 -3.600000
17.718000 -0.058000 -3.390000
18.767000 -0.074000 -3.255000
18.091000 -0.084000 -2.818000
19.122000 -0.101000 -2.646000
17.832000 -0.012000 -3.929000
16.973000 -0.023000 -3.431000
18.242000 -0.037000 -3.360000
17.832000 -0.049000 -2.968000
18.152000 -0.061000 -2.702000
19.775000 -0.080000 -2.599000
17.362000 0.006000 -3.699000
17.207000 -0.005000 -3.355000
18.252000 -0.017000 -3.232000
18.472000 -0.030000 -2.945000
18.295000 -0.041000 -2.596000
17.063000 0.024000 -3.511000
18.192000 0.013000 -3.416000
17.700000 0.001000 -3.009000
18.720000 -0.010000 -2.852000
19.058000 -0.023000 -2.571000
18.997000 -0.034000 -2.234000
16.928000 0.039000 -3.359000
18.225000 0.030000 -3.290000
18.738000 0.019000 -3.051000
18.096000 0.006000 -2.629000
19.762000 -0.004000 -2.528000
19.833000 -0.016000 -2.195000
18.018000 0.056000 -3.443000
17.654000 0.044000 -3.059000
19.199000 0.035000 -2.989000
18.828000 0.023000 -2.602000
19.434000 0.012000 -2.349000
19.838000 0.001000 -2.057000
18.194000 0.070000 -3.343000
18.312000 0.059000 -3.041000
18.070000 0.047000 -2.684000
18.934000 0.027000 -2.156000
19.064000 0.016000 -1.845000
17.607000 0.079000 -3.109000
19.618000 0.076000 -3.118000
18.225000 0.060000 -2.578000
19.720000 0.053000 -2.448000
19.840000 0.043000 -2.121000
19.039000 0.030000 -1.710000
18.217000 0.092000 -3.084000
18.830000 0.084000 -2.857000
18.807000 0.073000 -2.526000
18.959000 0.063000 -2.220000
19.819000 0.055000 -1.980000
19.138000 0.105000 -3.103000
18.051000 0.089000 -2.611000
19.717000 0.086000 -2.510000
19.747000 0.076000 -2.174000
19.029000 0.063000 -1.770000
18.840000 0.111000 -2.919000
18.937000 0.101000 -2.604000
19.572000 0.094000 -2.353000
19.790000 0.084000 -2.039000
17.955000 0.111000 -2.650000
19.655000 0.111000 -2.561000
19.429000 0.099000 -2.197000
19.349000 0.089000 -1.856000
18.742000 0.119000 -2.633000
19.676000 0.115000 -2.425000
19.741000 0.106000 -2.092000
18.978000 0.092000 -1.688000
19.616000 0.127000 -2.616000
19.310000 0.116000 -2.242000
19.763000 0.109000 -1.956000
19.658000 0.128000 -2.479000
19.742000 0.119000 -2.151000
18.989000 0.106000 -1.745000
19.381000 0.125000 -2.308000
19.774000 0.119000 -2.016000
19.678000 0.124000 -2.204000
19.144000 0.113000 -1.817000
19.763000 0.120000 -2.072000
19.764000 0.114000 -1.931000
18.936000 0.101000 -1.716000
23.881000 -1.354000 4.123000
23.895000 -1.355000 4.560000
23.898000 -1.355000 4.999000
24.073000 -1.364000 5.483000
23.661000 -1.422000 3.387000
23.764000 -1.426000 3.825000
23.797000 -1.428000 4.260000
23.883000 -1.433000 4.711000
24.026000 -1.441000 5.182000
23.669000 -1.501000 3.534000
23.815000 -1.509000 3.982000
23.805000 -1.508000 4.411000
23.870000 -1.512000 4.862000
30.886000 -4.712000 11.391000
30.649000 -4.847000 11.488000
30.842000 -5.011000 11.060000
30.602000 -5.009000 11.651000
30.987000 -5.170000 10.612000
30.773000 -5.172000 11.208000
30.801000 -5.218000 11.905000
31.187000 -5.341000 10.185000
30.926000 -5.334000 10.761000
30.936000 -5.378000 11.443000
31.418000 -5.520000 9.765000
31.142000 -5.509000 10.334000
31.006000 -5.526000 10.957000
31.450000 -5.666000 9.284000
31.275000 -5.672000 9.879000
31.291000 -5.716000 10.546000
31.393000 -5.834000 9.420000
31.263000 -5.849000 10.030000
31.422000 -6.018000 9.578000
31.524000 -6.221000 9.757000
35.612000 -10.911000 -0.978000
35.497000 -10.620000 -1.053000
35.398000 -10.513000 -0.488000
35.406000 -10.442000 0.073000
35.337000 -10.355000 0.635000
35.401000 -10.338000 -1.125000
35.190000 -10.199000 -0.559000
35.023000 -10.079000 -0.001000
34.907000 -9.976000 0.553000
34.915000 -9.916000 1.108000
34.797000 -9.824000 1.655000
35.523000 -10.115000 -1.200000
35.282000 -9.970000 -0.632000
34.999000 -9.818000 -0.071000
34.658000 -9.657000 0.479000
34.622000 -9.584000 1.027000
34.492000 -9.488000 1.571000
34.878000 -9.532000 -0.137000
34.848000 -9.457000 0.415000
34.592000 -9.325000 0.960000
34.413000 -9.219000 1.501000
35.007000 -9.247000 0.354000
34.896000 -9.155000 0.906000
34.506000 -8.994000 1.442000
22.245000 -1.854000 -1.153000
22.340000 -1.829000 -0.803000
22.755000 -1.608000 0.278000
22.869000 -1.586000 0.641000
23.500000 -1.594000 -0.813000
22.806000 -1.513000 -0.427000
23.507000 -1.527000 -0.067000
18.816000 0.343000 -1.698000
19.089000 0.400000 -1.849000
19.235000 0.526000 -1.824000
19.419000 0.574000 -2.260000
18.634000 0.564000 -1.886000
18.615000 0.607000 -2.286000
18.585000 0.620000 -2.000000
19.465000 0.665000 -1.802000
18.466000 0.660000 -2.388000
18.983000 0.693000 -2.165000
19.399000 0.725000 -1.917000
18.710000 0.728000 -2.540000
19.265000 0.766000 -2.320000
17.571000 0.742000 -2.497000
19.271000 0.863000 -1.851000
17.116000 0.780000 -2.542000
18.364000 0.870000 -2.159000
19.228000 0.928000 -1.966000
17.032000 0.836000 -2.639000
17.280000 0.863000 -2.407000
18.329000 0.932000 -2.269000
16.455000 0.852000 -1.783000
16.754000 0.881000 -2.701000
17.862000 0.956000 -2.599000
16.311000 0.888000 -2.119000
16.493000 0.914000 -1.888000
16.671000 0.938000 -2.793000
17.188000 0.982000 -2.608000
16.332000 0.949000 -2.222000
19.049000 1.125000 -2.295000
16.619000 0.996000 -2.888000
16.748000 1.020000 -2.646000
16.243000 1.004000 -2.309000
16.775000 1.071000 -1.862000
16.574000 1.057000 -2.984000
16.565000 1.072000 -2.718000
16.333000 1.072000 -2.421000
16.618000 1.108000 -2.201000
16.872000 1.142000 -1.971000
16.543000 1.120000 -3.082000
16.322000 1.120000 -2.778000
16.614000 1.156000 -2.563000
16.622000 1.174000 -2.301000
16.185000 1.160000 -3.115000
16.057000 1.166000 -2.832000
16.670000 1.227000 -2.672000
16.614000 1.240000 -2.399000
18.809000 1.423000 -2.419000
17.145000 1.315000 -1.936000
16.060000 1.216000 -3.190000
16.764000 1.286000 -3.058000
16.726000 1.300000 -2.780000
18.469000 1.454000 -2.776000
17.017000 1.357000 -2.287000
17.214000 1.391000 -2.043000
16.263000 1.300000 -3.332000
16.424000 1.328000 -3.095000
16.417000 1.344000 -2.827000
17.051000 1.414000 -2.663000
17.054000 1.432000 -2.391000
16.443000 1.385000 -3.470000
15.970000 1.360000 -3.105000
16.505000 1.422000 -2.939000
17.115000 1.492000 -2.770000
17.005000 1.500000 -2.479000
16.012000 1.429000 -2.080000
17.514000 1.550000 -3.800000
16.033000 1.434000 -3.211000
16.675000 1.508000 -3.066000
42.157000 3.855000 -7.063000
16.560000 1.532000 -2.507000
16.345000 1.529000 -2.213000
16.996000 1.579000 -3.790000
16.725000 1.570000 -3.449000
16.106000 1.528000 -3.055000
16.861000 1.617000 -2.922000
16.154000 1.565000 -2.536000
16.978000 1.663000 -2.393000
15.729000 1.532000 -3.601000
17.321000 1.704000 -3.673000
15.799000 1.570000 -3.087000
16.797000 1.686000 -3.006000
17.553000 1.780000 -2.854000
17.050000 1.747000 -2.496000
15.672000 1.599000 -3.681000
15.677000 1.614000 -3.417000
16.066000 1.670000 -3.231000
16.313000 1.712000 -3.010000
16.214000 1.718000 -2.725000
17.289000 1.850000 -2.624000
15.764000 1.682000 -3.796000
15.652000 1.685000 -3.501000
16.713000 1.815000 -3.457000
15.800000 1.731000 -3.003000
16.350000 1.809000 -2.838000
16.873000 1.884000 -2.652000
15.841000 1.766000 -3.908000
15.568000 1.750000 -3.572000
17.505000 1.984000 -3.719000
15.637000 1.788000 -3.060000
16.422000 1.894000 -2.939000
16.679000 1.941000 -2.711000
15.675000 1.824000 -3.959000
15.523000 1.821000 -3.651000
15.790000 1.867000 -3.443000
15.650000 1.865000 -3.147000
15.794000 1.898000 -2.912000
16.081000 1.949000 -2.699000
15.652000 1.900000 -4.045000
15.488000 1.893000 -3.731000
15.605000 1.922000 -3.490000
16.703000 2.073000 -3.450000
15.620000 1.953000 -2.963000
15.996000 2.016000 -2.767000
15.381000 1.958000 -3.792000
15.463000 1.982000 -3.543000
27.777000 3.586000 -5.888000
15.481000 2.013000 -3.019000
15.528000 2.035000 -2.767000
15.315000 2.027000 -3.860000
15.400000 2.052000 -3.612000
16.271000 2.182000 -3.534000
15.669000 2.116000 -3.136000
15.775000 2.146000 -2.891000
15.268000 2.100000 -3.933000
15.371000 2.127000 -3.688000
16.008000 2.230000 -3.562000
15.362000 2.153000 -3.154000
15.505000 2.189000 -2.920000
15.403000 2.213000 -3.778000
15.874000 2.294000 -3.615000
27.681000 4.024000 -5.823000
15.319000 2.242000 -2.962000
15.560000 2.318000 -3.898000
15.839000 2.372000 -3.688000
16.326000 2.460000 -3.517000
15.264000 2.313000 -3.025000
15.591000 2.407000 -3.987000
15.889000 2.465000 -3.780000
15.423000 2.406000 -3.399000
15.468000 2.426000 -3.141000
15.077000 2.410000 -3.934000
15.103000 2.426000 -3.670000
15.485000 2.499000 -3.488000
15.486000 2.513000 -3.219000
15.004000 2.493000 -3.720000
15.102000 2.521000 -3.474000
15.169000 2.545000 -3.224000
14.959000 2.569000 -3.780000
14.993000 2.586000 -3.520000
15.356000 2.661000 -3.335000
14.981000 2.659000 -3.859000
14.967000 2.667000 -3.586000
15.035000 2.690000 -3.334000
15.059000 2.760000 -3.952000
15.178000 2.792000 -3.707000
14.890000 2.749000 -3.370000
15.018000 2.850000 -3.737000
14.849000 2.828000 -3.428000
14.902000 2.916000 -3.776000
14.868000 2.918000 -3.497000
14.929000 3.011000 -3.849000
14.782000 2.990000 -3.542000
14.599000 3.033000 -3.828000
14.634000 3.049000 -3.569000
14.566000 3.122000 -3.613000
14.522000 3.203000 -3.662000
14.461000 3.281000 -3.705000
14.606000 3.406000 -3.800000
14.370000 3.443000 -3.795000
14.881000 9.300000 -3.710000
14.852000 9.324000 -3.626000
14.799000 9.330000 -3.536000
14.718000 9.313000 -3.437000
14.789000 9.445000 -3.690000
14.763000 9.454000 -3.600000
14.712000 9.443000 -3.503000
23.034000 14.701000 -4.998000
16.548000 10.642000 -3.844000
14.723000 9.541000 -3.647000
28.615000 18.329000 -5.878000
14.684000 9.523000 -3.549000
28.606000 18.345000 -5.708000
14.630000 9.492000 -3.444000
28.654000 18.390000 -5.546000
28.679000 18.412000 -5.378000
14.683000 9.582000 -3.587000
28.569000 18.427000 -5.774000
28.719000 18.436000 -5.213000
14.667000 9.562000 -3.489000
22.874000 14.823000 -4.957000
28.619000 18.447000 -5.606000
28.718000 18.427000 -5.037000
16.513000 10.750000 -3.821000
28.661000 18.454000 -5.436000
28.847000 18.492000 -4.884000
14.678000 9.600000 -3.614000
28.557000 18.450000 -5.827000
28.690000 18.444000 -5.263000
29.278000 18.743000 -4.777000
14.654000 9.560000 -3.510000
28.593000 18.435000 -5.650000
28.726000 18.433000 -5.089000
29.983000 19.162000 -4.709000
16.451000 10.701000 -3.833000
28.638000 18.418000 -5.478000
28.762000 18.413000 -4.916000
29.506000 18.817000 -4.452000
14.689000 9.588000 -3.636000
28.560000 18.409000 -5.867000
28.700000 18.405000 -5.308000
29.235000 18.666000 -4.814000
29.295000 18.634000 -4.239000
14.661000 9.531000 -3.528000
28.604000 18.373000 -5.689000
28.749000 18.375000 -5.132000
29.365000 18.690000 -4.652000
29.312000 18.591000 -4.060000
16.511000 10.688000 -3.864000
28.653000 18.333000 -5.514000
28.757000 18.312000 -4.950000
30.074000 19.073000 -4.572000
29.387000 18.576000 -3.887000
28.623000 18.331000 -5.906000
28.720000 18.297000 -5.338000
29.138000 18.478000 -4.828000
29.365000 18.551000 -4.279000
28.644000 18.254000 -5.721000
28.774000 18.245000 -5.161000
29.366000 18.539000 -4.677000
29.238000 18.391000 -4.079000
28.697000 18.191000 -5.545000
28.805000 18.172000 -4.983000
33.020000 20.744000 -5.052000
29.357000 18.380000 -3.913000
28.629000 18.144000 -5.927000
28.751000 18.123000 -5.370000
29.057000 18.232000 -4.841000
29.418000 18.385000 -4.319000
29.776000 18.548000 -3.786000
28.667000 18.055000 -5.748000
28.786000 18.037000 -5.190000
29.275000 18.262000 -4.693000
29.642000 18.421000 -4.167000
29.721000 18.413000 -3.596000
28.751000 17.990000 -5.580000
28.848000 17.961000 -5.018000
33.223000 20.596000 -5.118000
29.592000 18.279000 -3.976000
28.795000 17.892000 -5.399000
29.107000 18.000000 -4.875000
29.326000 18.061000 -4.331000
29.871000 18.335000 -3.829000
28.847000 17.795000 -5.224000
29.268000 17.973000 -4.720000
29.545000 18.071000 -4.185000
29.906000 18.232000 -3.653000
28.907000 17.695000 -5.052000
29.781000 18.151000 -4.618000
29.595000 17.971000 -4.012000
29.061000 17.648000 -4.901000
29.388000 17.771000 -4.376000
29.747000 17.925000 -3.853000
29.152000 17.555000 -4.736000
29.334000 17.593000 -4.192000
29.511000 17.641000 -3.648000
29.933000 17.870000 -4.682000
29.393000 17.481000 -4.028000
29.574000 17.497000 -4.450000
29.336000 17.293000 -3.849000
29.467000 17.273000 -4.263000
29.490000 17.119000 -4.096000
29.375000 16.881000 -3.913000
14.202000 8.115000 -1.353000
14.327000 8.124000 -1.558000
14.197000 8.031000 -1.277000
14.336000 8.044000 -1.482000
14.359000 7.970000 -1.409000
14.361000 7.883000 -1.336000
14.384000 7.805000 -1.265000
14.393000 7.736000 -1.462000
14.410000 7.727000 -1.197000
13.828000 7.343000 -1.337000
14.026000 7.430000 -1.098000
13.501000 7.082000 -1.241000
13.584000 7.110000 -0.999000
13.269000 6.871000 -1.159000
12.992000 6.714000 -0.897000
13.151000 6.721000 -1.089000
12.860000 6.559000 -0.831000
14.059000 7.161000 -0.652000
13.017000 6.562000 -1.021000
12.876000 6.479000 -0.776000
13.807000 6.939000 -0.582000
12.839000 6.384000 -0.952000
12.913000 6.410000 -0.723000
13.470000 6.677000 -0.512000
12.815000 6.282000 -0.896000
12.990000 6.358000 -0.675000
13.326000 6.515000 -0.452000
12.875000 6.221000 -0.849000
12.967000 6.257000 -0.622000
13.232000 6.377000 -0.397000
12.905000 6.145000 -0.801000
12.987000 6.175000 -0.574000
13.149000 6.246000 -0.345000
12.986000 6.091000 -0.757000
13.030000 6.104000 -0.527000
13.228000 6.191000 -0.299000
13.040000 6.024000 -0.713000
13.098000 6.042000 -0.483000
13.190000 6.079000 -0.251000
13.092000 5.953000 -0.669000
13.145000 5.969000 -0.438000
13.415000 6.087000 -0.210000
13.149000 5.883000 -0.626000
13.209000 5.902000 -0.395000
13.218000 5.818000 -0.586000
13.268000 5.833000 -0.354000
13.490000 5.926000 -0.122000
13.284000 5.749000 -0.546000
13.344000 5.769000 -0.314000
13.328000 5.671000 -0.507000
13.559000 5.763000 -0.278000
13.407000 5.606000 -0.471000
13.651000 5.701000 -0.241000
13.450000 5.526000 -0.434000
13.694000 5.619000 -0.202000
13.522000 5.455000 -0.399000
13.597000 5.385000 -0.366000
13.673000 5.313000 -0.334000
13.814000 5.265000 -0.305000
13.856000 5.177000 -0.275000
13.904000 5.092000 -0.246000
13.950000 5.006000 -0.218000
23.466000 -1.343000 -1.553000
22.069000 -1.397000 -1.535000
22.188000 -1.428000 -1.212000
22.329000 -1.460000 -0.887000
22.586000 -1.500000 -0.562000
22.573000 -1.524000 -0.227000
22.686000 -1.556000 0.107000
22.590000 -1.686000 0.026000
23.509000 -1.777000 -1.801000
22.285000 -1.862000 -1.125000
22.129000 -1.960000 -1.527000
19.598000 -2.862000 -2.459000
19.607000 -2.876000 -2.170000
19.322000 -2.931000 -2.514000
19.567000 -2.980000 -2.256000
19.343000 -3.042000 -2.607000
19.524000 -3.179000 -2.726000
43.482000 -8.028000 -6.940000
30.083000 -5.715000 -4.958000
30.258000 -5.909000 -5.148000
30.314000 -5.926000 -4.704000
30.156000 -6.048000 -5.294000
30.345000 -6.090000 -4.872000
30.627000 -6.299000 -5.544000
30.237000 -6.222000 -5.019000
29.739000 -6.270000 -5.549000
30.058000 -6.339000 -5.156000
21.071000 -4.445000 -3.299000
29.506000 -6.371000 -5.672000
29.933000 -6.462000 -5.301000
20.990000 -4.532000 -3.403000
29.340000 -6.482000 -5.807000
20.896000 -4.614000 -3.819000
29.936000 -6.609000 -5.022000
20.920000 -4.620000 -3.197000
20.562000 -4.645000 -4.189000
20.810000 -4.697000 -3.924000
20.888000 -4.712000 -3.624000
20.929000 -4.720000 -3.318000
21.009000 -4.739000 -3.020000
21.260000 -4.798000 -2.745000
20.367000 -4.700000 -4.268000
20.944000 -4.827000 -4.071000
20.952000 -4.827000 -3.756000
20.899000 -4.812000 -3.433000
20.914000 -4.814000 -3.125000
21.166000 -4.874000 -2.853000
20.864000 -4.916000 -4.498000
20.843000 -4.904000 -4.175000
20.966000 -4.927000 -3.881000
20.945000 -4.919000 -3.563000
20.940000 -4.915000 -3.251000
21.014000 -4.933000 -2.954000
21.105000 -5.075000 -4.679000
20.650000 -4.956000 -4.260000
29.146000 -6.986000 -5.570000
21.227000 -5.079000 -3.423000
21.204000 -5.071000 -3.105000
20.583000 -5.047000 -4.690000
20.622000 -5.046000 -4.381000
28.976000 -7.079000 -5.714000
29.721000 -7.250000 -5.411000
29.582000 -7.209000 -4.944000
31.246000 -7.609000 -4.760000
20.621000 -5.152000 -4.827000
21.177000 -5.278000 -4.630000
20.741000 -5.160000 -4.217000
29.080000 -7.222000 -5.471000
29.240000 -7.253000 -5.063000
29.590000 -7.333000 -4.685000
20.685000 -5.264000 -4.973000
21.100000 -5.355000 -4.745000
20.805000 -5.268000 -4.359000
28.922000 -7.309000 -5.618000
29.470000 -7.427000 -4.844000
20.953000 -5.428000 -5.173000
20.999000 -5.423000 -4.856000
20.895000 -5.382000 -4.509000
28.782000 -7.397000 -5.772000
29.080000 -7.459000 -5.391000
29.252000 -7.492000 -4.987000
20.901000 -5.489000 -4.968000
22.036000 -5.771000 -4.895000
20.993000 -5.483000 -4.342000
28.819000 -7.511000 -5.522000
29.017000 -7.549000 -5.125000
22.523000 -6.013000 -5.501000
22.026000 -5.861000 -5.036000
20.995000 -5.571000 -4.477000
28.689000 -7.593000 -5.681000
28.995000 -7.659000 -5.304000
21.265000 -5.729000 -4.671000
21.150000 -5.682000 -4.322000
28.807000 -7.720000 -5.452000
22.350000 -6.131000 -5.404000
22.276000 -6.089000 -5.038000
21.152000 -5.765000 -4.459000
28.585000 -7.768000 -5.591000
22.188000 -6.175000 -5.512000
22.316000 -6.187000 -5.194000
21.455000 -5.928000 -4.662000
28.540000 -7.861000 -5.767000
22.217000 -6.244000 -5.318000
22.063000 -6.178000 -4.939000
21.297000 -5.943000 -4.440000
22.152000 -6.308000 -5.453000
29.080000 -8.248000 -6.703000
21.348000 -6.033000 -4.593000
22.078000 -6.339000 -5.237000
21.649000 -6.192000 -4.801000
22.009000 -6.395000 -5.370000
22.014000 -6.369000 -5.027000
21.891000 -6.472000 -5.295000
21.850000 -6.524000 -5.431000
16.670000 0.987000 -4.196000
16.635000 0.993000 -4.068000
16.683000 1.027000 -4.265000
16.753000 1.006000 -3.976000
16.625000 1.027000 -4.128000
16.783000 1.012000 -3.863000
16.746000 1.036000 -4.035000
16.790000 1.015000 -3.743000
16.752000 1.063000 -4.221000
16.786000 1.039000 -3.922000
16.635000 1.006000 -3.589000
16.742000 1.061000 -4.094000
16.807000 1.040000 -3.806000
16.257000 0.983000 -3.391000
16.758000 1.084000 -4.280000
16.789000 1.060000 -3.982000
16.793000 1.036000 -3.680000
16.238000 0.980000 -3.270000
16.749000 1.078000 -4.155000
16.805000 1.057000 -3.863000
16.309000 1.002000 -3.456000
16.289000 0.979000 -3.164000
16.784000 1.074000 -4.038000
16.837000 1.053000 -3.747000
16.231000 0.992000 -3.323000
16.626000 0.994000 -3.112000
16.778000 1.089000 -4.218000
16.805000 1.066000 -3.919000
16.644000 1.033000 -3.583000
16.232000 0.985000 -3.207000
16.634000 0.988000 -2.996000
16.771000 1.079000 -4.091000
16.828000 1.058000 -3.801000
16.275000 1.001000 -3.385000
16.471000 0.991000 -3.136000
16.636000 0.980000 -2.878000
16.770000 1.091000 -4.273000
16.795000 1.068000 -3.973000
16.775000 1.044000 -3.666000
16.220000 0.987000 -3.258000
16.619000 0.990000 -3.047000
16.649000 0.971000 -2.764000
16.741000 1.076000 -4.142000
16.800000 1.056000 -3.852000
16.287000 1.001000 -3.443000
16.290000 0.979000 -3.154000
16.631000 0.979000 -2.930000
16.765000 0.966000 -2.665000
16.773000 1.062000 -4.024000
16.833000 1.042000 -3.735000
16.257000 0.985000 -3.318000
16.630000 0.986000 -3.102000
16.658000 0.967000 -2.817000
16.764000 1.044000 -3.897000
16.460000 1.003000 -3.531000
16.246000 0.969000 -3.198000
16.639000 0.971000 -2.984000
16.711000 0.955000 -2.709000
17.132000 0.960000 -2.483000
16.779000 1.027000 -3.777000
16.242000 0.973000 -3.366000
16.553000 0.971000 -3.139000
16.651000 0.955000 -2.867000
17.456000 0.981000 -2.706000
16.285000 0.897000 -2.247000
16.735000 1.005000 -3.644000
16.252000 0.955000 -3.251000
16.640000 0.957000 -3.037000
16.677000 0.939000 -2.755000
18.101000 0.999000 -2.679000
18.523000 1.001000 -2.427000
16.267000 0.956000 -3.425000
16.368000 0.942000 -3.157000
16.683000 0.939000 -2.926000
16.836000 0.928000 -2.662000
16.947000 0.915000 -2.390000
18.292000 0.968000 -2.270000
16.266000 0.934000 -3.306000
16.658000 0.936000 -3.094000
16.679000 0.918000 -2.808000
18.178000 0.980000 -2.747000
19.086000 1.008000 -2.559000
16.434000 0.850000 -1.926000
16.299000 0.912000 -3.194000
16.679000 0.914000 -2.978000
16.750000 0.899000 -2.701000
17.589000 0.924000 -2.535000
18.381000 0.946000 -2.337000
16.431000 0.829000 -1.812000
16.676000 0.908000 -3.150000
16.695000 0.890000 -2.863000
17.306000 0.885000 -2.374000
18.351000 0.919000 -2.205000
19.235000 0.944000 -1.988000
16.686000 0.882000 -3.032000
16.732000 0.866000 -2.750000
18.175000 0.921000 -2.676000
19.135000 0.950000 -2.492000
16.705000 0.855000 -2.917000
16.850000 0.844000 -2.652000
17.227000 0.845000 -2.417000
18.441000 0.886000 -2.274000
19.249000 0.906000 -2.048000
16.733000 0.827000 -2.804000
17.099000 0.827000 -2.572000
18.378000 0.852000 -2.140000
19.311000 0.877000 -1.924000
16.847000 0.801000 -2.705000
17.117000 0.797000 -2.455000
19.195000 0.875000 -2.427000
17.076000 0.780000 -2.624000
17.114000 0.764000 -2.337000
18.624000 0.814000 -2.228000
19.308000 0.826000 -1.983000
18.217000 0.795000 -2.672000
18.471000 0.772000 -2.083000
19.361000 0.791000 -1.858000
17.857000 0.742000 -2.497000
19.265000 0.783000 -2.366000
19.327000 0.768000 -2.047000
18.825000 0.742000 -2.503000
19.064000 0.734000 -2.212000
19.394000 0.730000 -1.924000
18.527000 0.673000 -2.025000
19.424000 0.689000 -1.797000
19.352000 0.675000 -2.312000
18.589000 0.633000 -1.908000
19.451000 0.616000 -1.866000
18.644000 0.560000 -1.978000
18.874000 0.518000 -1.875000
18.822000 0.467000 -1.747000
23.668000 -1.468000 3.256000
23.524000 -1.508000 1.735000
23.442000 -1.516000 2.132000
23.453000 -1.530000 2.538000
23.557000 -1.551000 2.961000
23.133000 -1.574000 1.435000
31.900000 -6.097000 8.333000
32.099000 -6.282000 7.893000
31.823000 -6.285000 8.453000
32.241000 -6.457000 7.436000
31.979000 -6.462000 8.001000
31.903000 -6.508000 8.615000
32.467000 -6.656000 6.996000
32.140000 -6.645000 7.546000
32.045000 -6.684000 8.152000
32.659000 -6.847000 6.542000
32.279000 -6.823000 7.082000
32.177000 -6.860000 7.685000
32.765000 -7.026000 6.070000
32.513000 -7.024000 6.636000
32.367000 -7.050000 7.227000
32.425000 -7.124000 7.871000
32.682000 -7.214000 6.172000
32.493000 -7.228000 6.751000
32.688000 -7.332000 7.421000
32.693000 -7.427000 6.290000
32.773000 -7.503000 6.928000
32.980000 -7.704000 6.458000
